2
10
94
6442
154
155
212
229
270
355
367
383
443
554
590
695
729
732
773
779
825
959
1071
1134
1145
1130
1188
1259
1285
1286
1311
1356
1586
1545
1806
2038
2099
2160
2162
2157
2158
2169
2200
2206
2492
2525
2642
2645
2696
2741
2779
2811
2815
2908
3000
3048
3075
6910
6469
3293
3284
3347
3426
3630
3689
3690
3736
3784
3753
3758
3815
3859
3909
3952
6445
3973
4023
4128
4153
4261
4286
4353
4607
4625
4653
653361
4693
4867
5076
5080
5158
5317
5340
5449
5456
5741
5961
6005
6017
6094
6121
6247
6288
6310
6329
6331
6338
6444
6557
6514
6521
6523
6716
6833
6906
7054
7253
7274
7299
7454
7490
326
846
102724652
1409
1439
1536
1959
2798
2812
2978
3273
3559
3792
3849
3908
4014
4633
4688
5019
5077
5122
5244
5251
5444
5896
6401
6555
7010
54658
7291
190
344
359
713
1300
1308
1584
1585
1589
2006
8288
2488
101060233
2652
728458
2668
2688
3039
3040
3043
3045
3209
3239
3350
3861
4158
4359
5009
5354
5897
5972
6010
6295
7173
7252
7306
7450
1641
8200
3047
963
731
3568
2209
1401
2214
2215
3552
3553
3557
6556
1234
6696
2638
3576
3558
3562
3565
4049
3484
3488
3569
3082
4846
3440
1270
920
3479
3458
4842
3356
624
974
4689
3684
596
3577
356
3598
6402
124
125
126
131
134
140
146
147
153
185
186
240
279
477
495
496
553
623
722
762
774
775
777
781
785
786
797
885
886
915
916
919
1128
1129
1132
1135
1136
1137
1141
1142
1143
1144
1392
1435
1437
1440
1548
1549
100861540
1551
1553
1557
1558
1559
1562
1571
1572
1573
1579
1580
1581
1591
1592
1621
1734
1812
1814
1816
2246
2350
2352
2554
2555
2557
2558
2559
2560
2561
2562
2563
2566
2572
2692
2743
2796
2891
2890
2892
2893
2897
2899
2902
2903
2904
2911
2912
2913
2915
2917
2918
2940
2949
2952
2977
3351
3354
3355
3357
3358
3359
3362
3363
3384
3560
3567
3574
3592
3676
3694
3695
3759
3818
4129
4256
4306
4852
4883
4886
4887
4985
4986
4987
4988
5021
5153
5241
5319
5322
5327
5406
5617
5729
5730
5731
5732
5734
5737
5739
5742
5743
136541
408187
491
408263
492
49861
414061
55885
163223
255022
283767
388372
9560
414062
6349
439915
6620
6097
93273
130075
134083
135924
135941
255349
339761
346517
389337
389763
390443
390649
392399
400935
401535
401565
414301
414332
6450
203611
9426
387707
480
414899
353091
414236
346528
402317
127068
403239
403244
415117
145407
89882
159119
86614
425054
53347
26686
79473
81469
81470
119679
120796
127066
138804
81309
219447
390075
392391
431707
286223
219438
219870
219981
283092
286362
343171
390883
391189
390148
138803
391190
127077
219875
284532
390142
341799
220965
25891
2824
100526794
93034
51208
100293534
721
245911
431705
3817
158835
387082
2213
2328
442862
9081
442867
442868
9083
79772
65267
4635
127943
26494
353515
9082
390157
124274
158983
283159
283160
340441
338675
8911
390083
753
5136
26496
120586
401265
27303
389524
445347
9229
56159
117854
445372
338599
253175
9085
2123
255220
388951
3042
8444
255725
26231
2868
219453
219431
79544
81168
81300
121275
346525
401992
119772
26682
4345
79290
118611
339184
343413
344018
344892
388335
389170
391104
402573
440021
440077
440097
440107
440435
2210
440695
440730
57628
89766
339398
7780
22801
284467
340120
347169
347168
26219
392390
138881
125963
138882
219959
219958
341276
390093
390264
390265
219869
126541
284433
441911
127385
338596
219960
343406
391109
219873
128360
391107
128367
128368
390442
122748
392376
138799
138802
286365
138805
347468
392309
392138
144125
338755
391191
127623
120775
135948
26246
391192
391194
127062
127059
391196
127064
127069
343563
391195
127074
401993
441932
284383
219429
219428
256144
119749
219432
390197
219986
124538
219983
390199
122740
126370
390433
390436
122742
390538
390429
390437
256148
390113
119764
219982
390195
219493
390445
390191
401994
219436
26339
402135
219437
26338
390168
390167
219482
390162
219479
390155
219464
390154
401667
119687
390058
390038
256892
119694
390064
119682
390059
390061
119692
401665
283111
390054
143496
340980
390066
119678
390081
390078
390079
390037
143502
390036
119774
338751
390077
390072
11262
119695
120787
120793
387748
196335
390321
390326
128371
128372
219952
219874
390260
391112
390892
125958
125962
390882
390275
219858
283162
338662
219865
219469
390151
390152
219473
341568
219417
219477
219527
219954
219956
390174
504191
440699
442186
448831
219968
26683
729759
81399
442184
26735
254973
26737
79324
81282
81061
81099
102723532
283694
441639
219487
283093
81318
81327
81328
81392
81442
81448
121364
135946
219484
219957
283189
341152
343169
390063
390067
390181
390201
390261
390648
391114
401427
401666
26341
10457
404785
57135
57055
23114
440051
253738
126961
333932
653604
26533
390271
26595
441608
119765
254879
79295
442361
79310
79317
79501
81127
441933
219965
254783
282770
282775
283365
341418
343173
390144
390323
390327
441670
390431
390439
441308
9254
403253
403273
403274
403277
403278
403282
403284
343172
151647
390190
282763
2358
387680
2707
51179
389090
387264
159163
378951
378950
378949
378948
10630
1380
158931
474354
2046
93978
389075
157773
4915
83744
123722
4916
9938
440068
148103
22925
51207
10870
80036
474383
474384
8263
222698
246744
387911
387914
389118
101060211
102723631
441521
541465
347252
388125
4914
6192
276
277
278
10814
136242
29114
493829
130120
7369
493861
400258
164395
158798
126637
7852
128822
494143
127391
442038
494188
245711
120114
344807
149699
6779
9848
338821
344387
93664
139067
400735
400831
441525
494118
494119
494197
338645
388697
57471
25943
94120
127665
134701
414157
134728
123876
126669
126755
10718
134829
146850
149018
150297
161394
206412
221400
222642
253017
253582
282890
284307
340204
340485
440561
653619
343070
345895
347051
387638
387923
388662
389384
389396
389766
394263
399814
401647
387357
388585
26230
142910
138255
284541
148418
196541
388633
388701
343263
439996
4110
4103
64849
84460
9586
401250
119548
129521
343702
347527
245934
497190
440163
391002
441871
387104
64109
152015
114987
4978
391712
440023
503497
340156
441425
441430
388649
140456
392307
346653
222696
440050
51151
2922
221044
387266
387267
387273
5995
284390
91351
200159
200232
219348
221424
338879
340529
645974
340542
340543
340562
388284
389898
392509
401546
114815
4046
440153
391211
347487
343068
90737
158833
152877
153918
286187
340527
340578
343066
343069
343521
388199
388799
389151
390667
391123
400757
442247
442425
442444
139189
338661
386653
388698
56956
766
1428
6705
4921
1400
2346
27040
389860
860
29942
6795
1831
154288
138715
28965
154075
445329
6818
55521
59352
541466
6701
3776
441519
83698
1791
121551
114769
3635
92196
340745
139425
149297
164045
474382
474381
83740
345651
4515
57713
7957
80122
5047
7804
7436
150209
143162
3813
149685
100820829
145781
81488
2187
6704
79870
441509
400966
390992
440689
154907
339977
389549
2829
400736
493901
10777
10659
56853
143471
1446
947
440387
448834
574016
158830
340168
387733
441376
284402
257106
79741
8622
286151
339345
85449
120237
343637
387849
401190
130106
345456
391723
118670
441531
285429
594855
594857
94233
256979
354
375298
932
864
10234
54437
64799
113177
158787
283461
282808
157855
5271
5648
5675
387755
390110
79836
79148
391365
347517
4939
613209
613210
613211
22861
9287
140733
9901
146862
4063
9478
342908
796
121504
554313
8294
8359
8360
8361
8362
8363
8364
8365
8366
8367
8368
8370
160428
548313
6759
30820
374308
442117
64093
30818
6262
80333
497661
6263
6324
641372
83875
201134
1262
5142
245913
245915
245928
245937
641654
1493
245910
503614
338809
245927
245929
245930
245939
340267
128954
729540
84220
1745
284654
342096
284083
344758
6340
654429
654463
247
431704
116534
552900
654483
388551
2202
1804
55064
219972
254272
9844
374977
9473
127731
55423
4133
140032
79884
26206
728957
131540
51129
25900
55301
100132406
7216
387775
642987
643853
643866
645840
646962
53344
130752
284615
145873
2852
84867
951
203076
654346
5168
93377
84329
4629
153218
6326
8710
50859
84539
54943
154215
166614
92949
221711
2100
101060321
63946
138724
27253
152098
643394
153733
27159
83988
2543
692312
140596
503618
245908
504180
245909
503841
284612
653140
5789
723790
8337
723961
84101
54511
169792
169270
282966
8869
128861
79083
387119
55966
26471
1667
728358
3963
653499
327657
84281
8001
344805
913
2066
84992
133690
284194
345222
1187
654502
2268
3932
339965
6530
6531
125704
758
401551
6503
6750
84889
50863
613212
6753
6754
6755
6865
6869
6870
6916
6947
7018
54578
10720
7364
7365
7366
199777
11170
7367
151306
50940
25818
5655
768206
162993
54827
57057
641700
100289087
728137
643812
7412
7535
653308
22807
653275
64506
7080
84689
643834
643847
653659
129446
114548
645104
10149
1261
389852
729201
84125
1758
11155
100507170
255313
653282
728036
728042
728049
728062
728072
728075
728082
728090
728096
64333
645369
135138
728215
50651
729330
729359
729747
728858
112937
283571
7652
135935
4603
58512
23025
80852
92235
80731
114800
25992
124535
131149
146167
150084
143678
285220
341392
342933
344191
344657
340260
338949
374569
388381
388419
342898
375033
388931
388960
389207
389257
85015
390748
390874
392465
221191
402117
375316
152573
441161
9096
441631
154790
1370
642968
643226
643414
644168
645432
646174
646424
646480
646603
342125
440279
441282
151242
6688
1608
3805
4108
728269
390999
644890
645832
653689
389903
102723547
63947
728656
5325
83546
441581
8029
11006
10990
9934
414325
55894
10407
653423
139716
340359
6328
57818
8787
8529
56934
146713
945
25817
55259
5551
727830
152138
55024
12
151888
4163
404220
389158
155006
129881
348801
647060
643803
644019
646627
653404
401067
221303
15
134121
6954
79839
391475
653509
40
49
2857
6707
653067
653220
148930
654231
259293
390259
2841
3090
100008586
2579
26748
645073
100101629
26749
729408
100132399
729422
729428
729431
729442
2574
645037
645051
126668
8671
10786
90273
5592
146556
116535
254050
199786
10739
84203
10411
10738
375775
10335
100049587
342977
148198
124925
729238
8115
84969
728239
81557
728747
6345
9840
2636
219995
729475
728299
643641
497189
348938
344558
389073
9796
374470
56978
253314
9737
51266
152789
149069
55273
146802
283554
54674
375743
387715
79917
727940
56001
728343
102723655
102723713
102724101
102724127
24150
653550
729264
729355
7039
222967
728194
116
122706
645414
391003
391004
645425
729528
4168
139604
730112
3708
4620
9699
136288
399949
138046
129852
11069
11326
653606
100113407
653820
146212
619373
144448
647174
152118
169834
253970
347475
390594
402665
644139
644672
645191
646643
646892
84215
283446
8821
346562
85397
653437
643418
158511
125931
131873
133874
145814
643664
196993
88
114824
126767
285888
89
55026
91607
348158
3910
57526
646486
199223
339778
282973
374864
79974
4741
494551
219537
343930
201140
340784
347454
646658
200959
339291
127255
164118
613227
146378
5787
146395
346171
50945
123103
5554
5555
10804
91646
130399
54
8900
4808
25927
23096
53842
11023
22998
202374
3746
6546
100526835
22854
100134934
90342
151126
5680
55277
122945
161357
165631
727905
285671
51265
53405
29760
714
27295
2354
441054
3683
339967
597
339453
257101
4068
114
79998
100131439
117
2742
50614
8653
57451
84614
116986
79843
79981
91977
127003
284759
126638
83953
729230
401335
4137
644591
729533
644186
284293
643236
728279
81872
414060
729873
729877
100288801
5733
9722
100129128
60675
653427
1462
57863
729447
2672
4093
6289
29119
130540
93979
84627
287
9413
570
55068
3977
10216
51062
64919
59269
134957
6299
64377
388333
337985
6935
5063
387718
23213
340654
144811
57088
8404
93550
100131137
56884
6563
100131902
448835
138240
767558
150221
440804
759
6236
2615
6092
57834
171024
165
119395
64180
342618
100169851
642843
1638
100128124
94121
729085
26287
387837
132204
83639
5673
341405
419
254173
6364
2596
84448
1305
57611
54039
4013
4291
440533
4602
55466
122183
729233
729240
729246
729250
321
6547
643338
4062
1047
10846
7222
26034
11086
387836
91050
133015
9079
7122
10655
9034
11027
284076
167
4208
2670
8572
285498
3274
317671
173
2104
282996
375686
154661
9806
84223
91392
222865
147409
344022
317649
729627
93587
4774
84970
80059
57468
100129792
64147
388015
51738
176
84141
131578
151531
83795
79608
89822
114132
114905
51225
339834
51661
55704
130162
7042
11082
1258
9378
441864
5179
6570
79698
8224
653598
8082
112885
283537
221806
9499
7223
92552
730130
100191040
4776
11012
92293
146227
149281
838
26052
644974
2078
54900
23784
348174
9048
2212
345275
170067
93166
166929
126567
137814
139735
66000
79805
254439
120146
84879
284391
127833
283238
284428
284546
283933
5270
387890
149478
642636
646799
100133093
643161
644054
441151
64098
654254
353299
388468
344787
181
7439
136306
25780
117154
246
259308
7499
59
93492
265
10170
23111
92691
4005
54715
1240
6330
84620
7180
136371
89927
9754
64137
11213
10044
85329
54514
54798
23533
80309
203859
79635
142686
65217
2833
346007
79645
29767
79852
1103
29125
201456
266
347902
221223
149095
93426
220929
627
5055
2113
80323
342900
440956
50507
284111
5138
22895
256586
147658
221662
84830
81491
339804
390790
642623
644353
645811
91851
79816
653149
148545
84631
653489
728945
730262
161003
100129239
100133053
23228
10886
6447
1996
10900
387804
399968
4435
30835
53346
10332
79989
4599
146779
163479
284013
284297
133491
389161
124460
441024
728591
727832
4589
342346
342931
285641
374462
374860
375337
28232
388946
374786
389124
401145
10086
643376
4753
197135
255275
648791
392862
401285
440854
10842
441452
645027
100190949
100130361
100132994
200909
137835
127602
134111
729956
221074
389730
389761
653643
5199
27299
7544
246213
80726
5346
83856
139804
140873
161931
284418
256309
441250
100271715
2674
9437
84525
360030
259197
125336
374973
121006
285941
100130311
65982
162083
85569
10673
135398
731220
399697
285600
375190
402569
285848
643311
387694
728116
166979
100271849
4207
118429
10903
8277
53919
284
3483
81796
84502
390084
100132386
23562
89886
100505753
5178
55628
84217
729597
100287284
140807
158866
255928
54329
93649
23619
23148
55117
283953
342865
390010
390616
440560
643965
647309
8284
117245
60494
146849
316
441234
132612
8605
124872
115350
91181
442319
730291
57596
5462
389206
9127
135228
51705
147949
11055
285231
3084
2735
9071
4025
56479
79899
1268
128366
84258
54742
81030
8796
2840
162963
202151
400224
401387
55282
54586
390245
146183
84623
3982
267012
100287718
10161
221468
100130274
100132963
320
100141515
2115
5365
10178
94122
254528
80133
6474
390595
1302
339669
340069
54456
57091
100302652
22829
645142
26137
414152
386746
399888
642446
729665
653641
727857
100130086
100506164
286436
6757
727837
653656
653657
100288287
100288323
256006
100131980
10071
727851
653192
100302736
54860
728395
170370
7694
91156
29951
285489
1232
343035
269
799
64067
115795
1496
2675
730755
85294
29106
2018
59344
6323
83394
84667
131669
374897
1909
122042
132884
645961
1482
53637
57571
60495
2898
4593
8643
4242
29969
4111
10164
4107
3697
3700
403339
7940
116519
10878
54413
51744
100131378
57113
6569
9899
1016
100288797
253559
2313
55811
57182
25975
130733
375611
401097
166752
200172
165829
3579
167127
1906
9180
7941
9856
84107
22999
54457
22866
343
2334
254158
347404
199221
151056
57758
285782
84690
401124
84066
440073
220004
148345
26576
60468
729025
9457
728927
3547
139221
286499
89874
1524
285588
1821
171482
1993
9452
130940
9839
92129
51161
80199
252995
92211
221416
3242
3603
3055
80034
163255
91624
6440
3769
7044
23314
7730
100529215
11026
57732
60680
60677
10742
26051
93986
151827
64446
169026
91975
121340
7305
6677
4009
644041
142680
132864
59341
10046
139324
313
150379
158326
148229
144406
57282
23426
285676
930
4015
100423062
1950
22849
56955
56265
114836
116441
2691
9376
139065
53336
23544
5669
84824
9542
84077
3071
84282
56163
563
3431
119
479
933
257068
100132463
11009
574
579
283848
643596
257144
10391
728318
100131244
100288485
1301
85004
4781
100431172
401236
256223
1618
100130519
5173
8743
8749
9271
10321
6540
119391
100506742
647589
100271846
5137
26585
608
25769
64218
2357
54809
54829
730005
221421
56729
51807
26191
79949
116369
64577
11036
100129654
8437
10693
100132396
23418
100134444
388630
647310
646960
100507096
63970
163486
642612
100287482
100507421
100506049
3662
404203
145282
83416
9201
100507055
347411
100507050
100505591
100329135
644100
100500938
116328
6506
100506736
7401
23643
200150
203074
100505385
2856
7258
79334
1842
27120
54768
8715
27180
196883
286749
165904
8741
862
4239
2793
100526693
100507679
8513
100526737
3120
23026
100526772
54839
127435
58484
151258
4057
221476
146664
79740
11075
4099
8973
146225
23205
4750
116154
9436
10346
100527949
64078
90865
137994
100527963
60401
100528017
3234
5798
100528030
5778
6698
84072
1960
72
24141
340900
57151
57047
651
6370
728577
23500
56155
81832
83853
114880
5126
416
10877
84527
51676
100529239
1395
100529241
100529251
100529257
8190
1576
658
100532726
9481
100532731
56899
534
388512
4033
9734
140578
26960
283999
3737
241
9628
284040
160851
5026
7092
4907
3786
374900
8840
100534592
339122
116211
1527
100289462
1673
100506243
100507527
100506012
133584
79689
687
55118
3428
6404
26298
283116
646754
5676
145447
5992
10000
3290
5803
100507341
8854
341880
942
1769
10675
51365
9971
5522
54490
59067
160364
1271
5801
2208
440829
5452
51513
90050
140894
765
768
816
8499
399671
1012
10320
834
844
845
859
939
728229
728369
728373
728379
728393
728400
728405
728419
728386
8875
57491
5588
114907
84152
388276
3113
54210
54438
133396
389676
100128496
100287898
100287226
387712
283078
54848
9892
388536
10384
676
3812
9911
9627
943
940
126520
2001
171558
51297
5553
51338
53942
214
55036
3601
100506650
728403
54757
54331
6775
3119
57631
3123
730087
474344
10143
388533
339390
257019
64231
956
958
10231
10345
970
4308
23046
720
407738
10941
574537
56967
1208
3933
151649
7075
10752
59350
160365
79623
9033
4604
343641
923
56937
78989
962
203228
1272
84570
9398
1118
8858
7639
478
84665
30813
8913
4824
10803
64092
127495
163259
100506564
129607
374403
56341
128653
79652
84466
1776
6258
2995
29986
80128
285242
149373
2569
78997
51555
494470
778
84911
11314
7273
100287144
100287205
100287178
100287238
100287327
100287364
100287404
100287441
100287478
100287513
9829
392197
645836
392188
645402
100288520
1183
5075
26249
647286
728255
100127206
100533177
81501
401258
284257
1018
259307
390598
166655
7409
3595
158038
26693
81466
121129
90557
3034
3004
115584
57569
57689
83697
27039
3747
3760
5545
8777
6660
65061
2823
4892
8638
9256
1031
1041
3640
202134
643707
10517
29126
3563
388523
124056
5788
1102
140690
84332
10840
219670
166824
55997
3773
4004
10942
6487
55713
5015
79781
647219
2999
148281
2567
3434
728361
8792
5662
7980
28513
4784
245932
56936
728780
1826
80343
23090
1538
100129669
6691
10203
347541
9358
5207
340205
26279
27035
54209
100129385
55220
51751
10518
117581
55582
6586
57582
85450
54084
1113
1149
1179
1193
1264
1325
1442
1444
1485
246100
1501
1521
1539
1767
1768
1770
1775
1807
1846
1901
1995
2019
2020
2167
2239
2294
2295
2327
2487
2515
2576
2577
2578
2587
2628
2637
2646
2854
2862
2880
2895
2919
2986
3036
3060
3061
3062
3083
3316
3400
3433
3587
3617
3627
33
56
273
325
339
361
362
434
486
611
635
640
643
646
660
671
680
685
735
763
814
909
910
911
912
914
952
969
971
973
1000
1003
1006
1009
1036
1043
1053
1084
1089
1109
1114
1158
1178
1215
1269
1295
1297
1298
1306
1307
1310
1346
1359
1360
1361
1393
1410
1413
1414
1447
1464
1473
1504
1510
1511
1669
1674
1805
1828
1907
1961
1990
1991
2125
2128
2165
2201
2205
2219
2247
2249
2252
2254
2312
2326
100529261
2342
2359
2444
2527
2570
2623
2633
2641
2689
2701
2740
2765
2769
2901
2920
2921
2993
2994
2996
3003
3067
3078
3101
3109
3111
3112
3115
3117
3127
3131
3208
3211
3215
3236
3270
3310
3346
3442
3445
3446
3448
3449
3452
3456
3467
3575
3581
3593
3596
3605
3624
3641
3642
3696
3699
3707
3738
3739
3741
3742
3754
3756
3763
3766
3772
3777
3787
3790
3791
3820
3821
3822
3823
3860
3881
3882
3884
3886
3887
3889
3891
3892
3902
3904
3906
3948
3950
4045
4050
4112
4113
4114
4115
4118
4142
4145
4146
4185
4246
4250
4283
4314
4316
4317
4319
4321
4322
4330
4332
4360
4438
4478
4481
727897
4600
4618
4621
4624
4626
4654
4656
4692
4760
4803
4821
4829
4856
4857
4858
4879
4884
4885
4923
4974
4991
4994
4995
5023
5024
5030
5068
5069
5098
5100
5132
5148
5166
5196
5197
5268
5284
5294
5304
5341
5342
5343
5350
5375
5409
5453
5459
5473
5506
5552
5568
5577
5579
5587
5600
5602
5619
5620
5651
5672
5678
5698
5744
5799
5800
5806
5816
5880
5949
5957
5991
5996
6000
6003
6011
6014
6036
6037
6095
6098
6276
6279
6318
6332
6335
6344
6346
6348
6351
6356
6361
6362
6366
6369
6372
6374
6403
6406
6407
6422
6423
6424
6441
6456
6457
6504
6529
6572
6580
6582
6585
6591
6616
6638
8926
6664
6674
6699
6708
6736
6769
6776
6846
6847
6854
6861
6863
6943
7006
7021
7047
7053
7058
7060
7069
7074
7096
7098
7099
7100
7101
7123
7125
7141
7143
7177
7201
7226
7275
7287
7288
7292
7293
7294
7318
7349
7352
7356
7432
7455
7472
7479
7483
7484
7539
7545
7547
7691
7712
8927
7783
7802
7857
7881
8038
8048
8290
8326
8329
8330
8332
8336
8969
3012
8335
8342
3017
8339
8343
8344
8346
8347
8348
8350
8351
8352
8353
8354
8355
8356
8357
8358
8968
8369
8382
8387
8388
8390
8419
8433
8447
8471
8483
8484
8515
8516
8528
8530
8534
8547
8557
8581
8590
338674
120776
8600
8601
8618
8633
8639
26025
8641
8647
8676
8688
8689
8698
8701
8707
8712
8722
8735
8736
8739
407977
8742
8744
8747
8748
8756
8771
8785
8788
8794
8807
8808
8809
9173
8811
8817
8820
8822
8823
8838
8839
8852
8856
8857
8928
8929
8999
9023
9027
9038
9172
9046
9051
8424
719
795
1010
1038
1068
1417
1617
2070
2220
2257
2259
2307
2322
2634
2693
552891
2791
3002
3174
3779
3883
3929
5623
5697
5874
7166
7482
53616
8784
9087
9152
9154
9248
9332
9333
9340
2834
9390
9407
9435
9450
9472
9595
9607
9630
238
399
407
417
429
460
683
820
869
1005
1303
1463
1582
1602
1746
1755
1787
1840
2044
2045
2047
2103
2119
2134
2191
2255
2304
2529
2814
3175
3785
4585
4661
4675
4685
4855
5288
5330
5458
6553
6939
6953
7225
8120
8287
8825
8876
8972
9068
9077
353513
9084
9086
9108
9119
9132
9162
9196
9220
9227
9228
9247
9312
9313
9348
9353
9356
9363
9365
9381
9389
9402
9420
9447
9455
9459
9476
9480
9486
9535
9547
9622
9623
793
1004
1013
1030
1794
1795
1823
1833
1880
2516
2662
3381
3717
3745
3750
3752
3761
3765
3798
4100
4318
4958
5133
5169
5273
5309
5542
5649
5746
5913
5940
6019
6123
6368
6492
6511
6568
6900
8993
8995
9211
9242
9965
9976
1260
2694
55806
70
187
225
401
474
761
810
863
941
1046
1146
1237
1296
1339
1411
1419
1448
1475
1630
1668
2042
2248
2290
2300
2303
2660
2661
2703
2709
2736
2780
2827
2828
2830
2831
2832
2835
2838
2843
2844
2845
2846
2847
2848
2853
2864
2865
2928
3009
3010
3024
3046
3050
3059
3681
3834
266740
4101
4102
4105
4151
4342
4759
5161
5507
5581
6357
6373
6496
6783
6887
7007
7142
7424
7471
8320
9182
9210
9241
9350
9568
9626
9947
10004
10021
10022
10047
10050
1233
3207
3626
3671
3702
3713
3744
3846
3853
3854
3868
3934
3937
3975
4064
4066
4081
4617
4807
4818
5454
6039
6283
6355
6658
6756
6875
6999
7025
3080
7903
8292
9290
9293
10082
10085
10089
10090
10100
10136
10215
10223
10225
10239
10242
10246
10249
10251
10261
10268
881
922
4131
4160
4161
4217
4223
4225
4325
4490
4495
4496
4501
4504
4543
4544
4588
4619
6273
6495
6656
6700
347853
113457
7278
8128
8843
9362
9951
9953
9955
9956
10316
10317
10319
10343
10344
10369
10394
23532
3848
395
3001
4745
4747
4761
4762
4772
4825
4889
4901
4917
4922
4929
4951
4975
5078
5146
5149
5276
5334
5368
5407
5455
5475
5544
5593
5626
6101
6285
6354
6363
7070
8988
10439
10446
10462
10475
374286
10538
10561
10562
10563
10566
10570
10578
10584
10586
10599
10622
10633
257
2124
5968
6291
6336
6567
9635
10368
10638
10647
10648
10660
10661
10663
10666
10677
10690
10692
10699
10716
10744
10750
400581
10753
10794
10798
10800
10810
10816
10850
10858
6512
10864
10871
10874
10875
10879
10880
10881
10894
1008
3097
3199
7991
8685
8687
10107
10665
10964
5569
10993
64714
11010
11024
11035
1087
1421
3232
3439
3447
5396
6013
6096
6317
6663
6694
6853
8013
8092
8510
9510
11074
11076
11081
11095
11096
11117
11122
11126
11131
11166
2981
7062
7130
7200
54657
7399
7441
7546
347344
7732
7757
7789
158586
7932
10351
11172
11197
11199
11221
11249
11250
11254
11255
11283
11318
11330
11341
8989
9940
22915
23436
22798
100528032
22914
22795
22821
4990
4284
22918
8110
23414
2747
29851
26289
23452
25825
26228
25789
1133
22802
26285
25802
26240
23566
27022
200350
2301
2299
25758
2785
11043
23430
23493
23553
26525
23547
26548
3751
26251
23416
23415
7837
9863
23194
23017
100132285
3808
3809
284366
23641
23620
26476
26189
26188
4992
138883
158131
393046
26212
4993
26211
8392
26689
23538
26658
26493
23548
23569
26952
5218
5275
23520
23519
26207
26575
24138
23626
23495
7093
26526
7224
23639
23768
25834
7761
7762
23601
10891
29118
29122
27189
23769
3811
29906
29909
7782
1154
29930
29933
29935
30009
29765
23539
29943
26577
29944
29949
29802
29953
27128
29958
8302
30062
29992
26609
30014
728712
26529
26531
26532
26538
26539
442194
9708
28954
28968
4969
28983
28986
170679
170680
29113
29015
7462
921
1834
2116
3235
3645
3802
3803
5222
6527
6534
6538
9508
10002
10863
11141
11173
11317
23551
23584
23604
23676
23732
25830
26239
26254
26257
26998
27033
27036
150160
27098
27121
27123
27129
27136
53832
27177
27178
27179
27190
27240
27254
27255
27283
27284
27285
27288
27290
27296
27302
27306
27329
27334
27445
3806
112268360
3810
7772
29850
8022
8383
8386
29989
29991
30814
30832
30845
1418
7827
9651
9671
9705
55619
9717
9729
9744
9745
9751
9758
9760
9823
9865
9915
89795
22843
22844
22865
22871
22885
22891
22986
22987
9515
22989
23040
23072
6543
23105
23116
23127
114088
23209
23237
221981
158471
116984
23285
23302
23316
23335
23336
23359
23371
23504
25770
25775
25849
25876
25878
25890
25903
25907
25924
25925
25981
26002
26032
26038
26045
26050
26059
26083
26085
26103
114902
26154
26157
26165
26166
85376
27145
27146
27152
50487
50508
50509
50632
50700
51350
51032
3804
51046
51050
51052
51364
51057
51059
51086
51378
712
51384
51666
50944
51146
3196
50856
51412
49860
23671
2658
389136
51702
51168
51438
51440
1007
51725
51458
51463
653519
51471
51199
51475
51209
51480
51481
51213
50852
51237
51267
51270
51348
51276
51286
51289
51294
51296
51561
51298
51301
51302
51778
51305
51309
51314
51327
51332
51334
5079
53358
10736
30008
50831
50832
50833
8862
11274
26280
26290
51802
51806
53632
53904
53905
54106
50613
26245
26659
55554
54734
54738
4622
55567
54363
54752
55576
54763
55584
55586
54766
55600
55601
54813
55613
54830
54831
54847
54873
54898
100526761
54937
54954
54986
54988
55079
55084
53335
55106
55107
55698
55130
55137
55138
84168
55190
55203
55237
55244
2635
55296
55303
55335
55340
55351
55801
55805
55808
54345
55356
55359
55815
55816
55821
55363
55843
55859
9496
53353
55879
55454
27087
4139
55888
55889
55507
55891
54360
55509
55510
55511
55897
23461
55901
55520
11107
105
55530
55532
50604
56171
56135
56134
56147
56139
56138
56137
56136
56146
56145
56144
56143
56142
56141
56140
56114
56105
56113
56112
56111
56110
56109
56108
56107
56104
56103
56100
56099
56098
56097
56126
56125
56124
56123
56122
56121
56133
56132
56131
56130
56129
27115
2837
3206
3216
23742
27232
54212
54221
54328
2850
54429
54440
54474
192666
54538
54544
54546
54550
54558
54575
54576
54577
54659
54714
7148
3122
56062
56128
43849
50834
56244
56253
56269
56287
56300
56311
56302
28234
56475
56301
26281
56344
56603
56548
4159
56656
3118
343472
56751
56776
3543
56832
56833
56901
56903
56906
56914
56920
56923
56964
56977
56979
57030
60676
57084
26507
57093
57054
57096
29999
53831
57101
57105
57134
57110
57115
57053
5101
57124
57126
57152
57165
57168
57172
57205
28
6006
50616
5008
57292
108
5979
9573
27006
8074
56673
56676
56704
57343
57369
57381
57393
57408
57415
57419
57453
3788
57467
57477
57481
57484
57497
57501
57502
57512
57514
57519
57528
57536
6860
57547
57554
57559
57565
57575
57578
140612
57616
57624
57626
5067
146754
57639
57642
57643
57663
57687
57692
57699
57705
57717
57718
57731
280
366
8708
1420
1443
30848
2251
10637
50674
3443
1670
3768
100653049
3885
10214
6758
5671
30012
5988
54600
50846
57830
100533997
4104
3444
3018
3013
3441
420
348980
653
4744
1600
7504
7373
8434
5366
6252
7363
10218
57817
57824
57829
58158
3237
3238
58189
58475
58510
58511
58524
58528
58529
64405
57161
58157
3451
56033
59082
59335
59336
59348
60385
11085
56521
56547
59272
60437
60482
60484
79748
7350
6343
60529
63827
931
1761
2700
2792
2998
3142
4674
5239
8431
9464
6581
3126
11013
286527
53822
54112
56000
56659
56660
63876
63895
63904
63923
63934
63976
64066
64089
64091
64096
64100
64101
64102
64106
64108
64111
63951
79444
64127
64135
10913
64168
64174
64184
64208
64211
10896
64240
64241
6561
64321
64386
64399
3125
60506
64579
64582
64591
64641
64663
6785
63974
64800
64805
64806
64600
64816
64881
64926
404037
65121
65122
10129
668
6614
65243
50835
50836
50837
50838
50839
64232
111188157
66004
1879
3361
3203
63973
78986
548593
79008
79054
79057
79097
79132
64499
79168
79190
79192
4880
4956
5321
57194
3231
63978
79413
79570
79611
79626
79628
79630
79633
79642
79656
79722
94025
79745
79747
79750
79776
79782
79785
79799
79802
79812
79815
79819
79820
79841
79844
79875
79925
79927
80243
79953
80032
80070
22899
80099
80111
80117
266977
80125
80129
80157
80168
80206
23120
80231
80258
80310
80319
80326
80332
80341
80342
80380
80705
80737
80741
80108
80816
80831
4184
54361
79365
79366
79368
80975
81025
81027
81285
81492
81494
81551
81578
79973
81696
26716
26333
26692
26696
26707
65975
79541
81616
81623
81626
442191
81792
81794
81797
81833
81849
81850
81851
81870
81871
5670
56154
56156
56157
56158
83417
83446
83447
83473
83482
83483
63982
83538
83552
83591
83597
83604
83694
83723
83733
83755
8325
10117
28316
53940
59284
64518
64902
83844
114898
83851
83854
83872
83873
83881
83884
83886
83888
83889
83890
83893
83894
83895
83897
728224
83899
83901
83900
83902
83942
10501
23440
84059
84063
84071
84073
84074
84075
84076
84084
84100
84103
84106
92126
84166
84174
84189
84190
84206
84210
84226
84230
84239
84249
84251
84290
84417
84432
84433
64648
84449
84465
728695
84517
84519
84528
285175
84541
84553
57595
84569
84616
84618
84624
84626
84628
84630
57159
84636
84639
84643
84648
84651
84654
84658
84659
84666
85320
84676
84684
84691
84692
84694
84698
84700
84709
84734
84735
84767
84779
9118
144453
84839
25960
84870
84871
84891
84913
84920
84935
84944
84951
84953
84966
84968
84985
55998
6358
6359
66037
85417
3888
85480
89792
1082
93659
94115
94027
3890
56670
57864
64005
81697
653240
85285
100996750
85291
4135
58538
63948
23345
89885
85479
85366
85438
89869
85478
85413
85481
85508
89780
85416
26149
644524
100288687
107987484
107987485
107987486
107987487
79339
79345
85293
85290
85289
85280
94086
92483
92747
90226
2712
64478
94160
94235
10595
90134
90827
90070
90665
50801
93661
89858
112401
89884
89876
114335
114336
85446
85445
85443
63036
112802
79258
113835
94026
85453
100288695
96626
92745
92797
79937
115111
81629
92304
259232
112744
112755
114026
114134
114770
114771
114784
114786
114788
114792
114795
114798
114805
114960
115019
115352
115361
115650
115701
116093
116135
116159
116179
116285
116337
116379
116449
116496
116511
91074
113451
23617
85460
94031
114131
117144
54102
83551
83648
113746
117157
117159
117166
83659
83550
117156
4253
83650
117194
117196
254786
341416
81050
26740
117285
117286
117289
3850
7809
116255
118427
118430
59271
6975
7478
4632
10349
23460
338339
140597
140625
140628
89777
89778
140679
140683
85235
128408
128434
128821
140686
140687
140689
90423
140732
11219
128506
140766
128178
129025
140691
140801
117532
140832
140883
27199
27201
6725
140862
140870
140880
140881
140886
392392
89765
92369
117579
118442
127247
128488
137970
140458
142683
142685
142689
170482
170575
8174
134526
136991
170589
170572
126014
170591
129684
170627
64407
1
131034
83657
153745
154064
161725
170712
126326
127124
170825
170850
116443
119385
121256
147686
155185
168667
170961
125981
169522
171169
114757
147945
128817
139741
160065
168507
130013
134864
171389
122665
90113
91523
112609
112970
113146
113730
115207
115811
115827
115861
150356
90523
154150
51311
117531
5314
80835
135644
139081
139599
163688
192134
11041
5232
26579
122618
128153
129868
131177
131450
151871
157724
90316
10887
195814
116448
146722
225689
10077
170689
170690
170302
92737
130560
140850
137735
137868
146562
147323
168433
131890
90655
151742
245802
203190
158800
246176
27133
89832
1139
90527
90853
93233
116085
118663
118932
121355
123970
125997
126306
126393
126626
2553
127579
128025
130132
131096
131375
132320
132851
132989
136332
137902
140290
143379
143501
144423
146279
146857
147746
147923
147948
148268
126859
148741
149233
149499
150483
150709
151651
152206
153657
155051
54033
128674
157310
158248
158763
166863
168090
200403
203102
204801
219539
219749
219970
221409
221458
221481
115948
125972
127700
143630
147906
246329
93517
122876
126820
150353
154091
220202
127540
85509
92565
7579
115265
122258
122651
124220
126364
132671
146853
147837
148738
148823
159296
168391
202865
221002
80833
147199
653486
149708
219409
246777
246778
201798
252884
126147
27091
160728
5535
90362
118856
148979
253650
259236
259239
259240
259249
121214
135458
150677
222545
83756
80834
90594
56849
23208
93190
118788
83401
120400
121273
121599
121793
122046
122481
123624
124783
125113
26974
126068
126123
127294
127396
127733
127795
6913
132141
132332
132954
133022
137362
27319
138009
143503
143879
144193
144715
145226
145581
145773
145942
146861
317719
147138
147685
147741
148014
148109
148266
148581
148811
148870
149111
149628
150082
150280
150350
150365
151473
152065
152273
152405
152940
153643
154214
157848
158067
158158
158521
102723680
102723737
728911
160140
160419
160762
161176
161835
163051
163115
164592
164684
287015
167465
169166
170062
170082
196477
196951
200132
200523
201516
201780
201799
202309
202559
203523
154664
219285
219287
219793
220082
220164
220296
220388
221336
30010
222256
254122
254187
254268
256130
256710
257062
257169
151516
169044
255631
260429
222894
260434
222659
260436
146852
157753
152756
151278
145858
122402
124602
127534
134187
134288
162282
162517
167410
167838
168537
169693
255231
256076
256691
257240
266675
245936
245938
165721
91179
144110
161514
164284
168417
196472
219770
257236
2849
115653
120065
120066
126206
80712
245806
266722
266727
131544
149647
202333
222537
374407
151835
219595
161497
132112
128077
256815
2121
266812
132243
255626
27231
221613
116442
27164
127670
164237
280664
282616
282617
282618
122773
441669
9992
83741
64693
166785
93107
93589
80274
130749
163778
219681
286887
150681
196374
121278
280658
91133
126248
126402
126410
128209
133482
133558
139135
139411
143279
145946
146057
147463
147719
148641
148753
154197
157807
157927
158809
160298
161142
161253
2565
168975
200558
203238
220047
220441
221472
222546
222826
283284
283310
283455
146177
283971
284099
8632
284306
6399
284369
284427
284756
285025
285126
401024
285195
285349
285533
285596
285598
285668
286046
286514
170261
201633
257194
283417
286133
122664
124912
145258
145264
317703
317705
124599
128346
128859
129530
130888
171484
146310
6991
204474
219938
254240
256536
283316
284346
285555
283576
100288966
317754
121391
128312
131368
134860
161198
255426
317772
319100
319101
374454
155038
124857
4493
326340
1379
143425
254773
167826
150921
338785
337876
337879
337880
144608
150165
161753
162540
220382
221823
283897
284521
285800
283948
126204
5726
338321
338322
338323
338324
4499
259285
259286
259287
259289
259291
259290
259292
259294
259296
338376
53829
84504
338398
94033
93035
133060
347731
347732
283748
135892
286530
199974
92736
256297
144124
338328
340596
347741
92086
353131
353132
353133
353134
353135
353137
199834
353139
353140
353141
353142
353143
353144
353145
254910
113091
123872
391253
128602
128611
128646
128876
138307
139170
139760
140856
140902
159963
160777
201625
219623
283849
284382
284525
338811
338872
339327
339488
339855
339976
340351
340419
340481
146760
353149
56246
164781
121601
154865
286234
347730
204219
94137
140432
266743
353189
353219
339829
353164
100130733
3266
147183
162605
342372
342574
349149
353288
140258
284827
337966
337967
337878
337882
337969
337970
337971
337972
337973
337974
337975
337976
337978
337977
337979
337959
337960
254950
337963
219578
339302
353323
353332
353333
85317
124773
148066
283150
353324
221391
341567
342035
350383
353345
341019
353497
338567
255877
339403
85318
85316
346673
120406
120935
125115
130813
132724
144809
147381
149954
150248
151112
161145
165257
200504
201305
202500
203562
222008
222662
283471
283598
283777
284312
284359
284451
284486
285190
285525
285877
344658
348013
348932
359710
83593
168400
221833
257202
339906
255488
220032
55515
338917
283208
56999
4336
341947
360200
360203
119180
285335
339501
113612
284697
200030
340665
161436
91752
134391
90167
84530
169355
220963
339768
360023
345274
10917
81472
378925
378807
119587
285852
339168
84109
347148
344901
341277
56203
285513
340061
386617
386618
139628
23145
163351
164832
200844
203447
254956
284355
284415
284948
285180
285386
339145
339416
100128553
100142659
340706
341032
343450
344838
344905
345193
347365
347516
374355
374618
374879
374918
374946
374955
375323
375519
375567
375607
120892
386674
386675
386676
386678
386677
386679
386681
386682
386683
386684
386685
56165
124626
283514
378108
116512
375593
26664
158062
220107
341359
149998
375318
375612
374739
387332
286380
377047
285601
349334
7179
342538
9073
374768
374819
375189
152110
375759
387597
387601
377630
84660
220869
445571
200008
376132
9103
389874
399694
387758
388394
161247
388818
153364
158724
164153
389123
388407
121549
400120
403314
373509
167555
171483
389558
26248
171425
388364
285659
343099
121130
132946
401262
389336
200162
390212
404552
254827
283600
387129
283297
26033
2298
90288
112714
124842
131920
133923
145741
150763
197021
203569
22917
283420
100287399
100996331
339896
343990
344148
344561
344752
81341
388021
388531
388555
388611
388646
389208
389610
389690
389762
390664
155184
353238
399823
196385
400359
400591
400823
400830
401562
57188
405753
399947
401036
401138
401498
402415
121643
284266
387700
401027
408029
400668
285834
348645
55350
139793
100529240
246181
