144568
127550
51146
344752
126767
343066
441376
10351
8647
10060
64240
64241
84696
145447
140701
33
176
59272
125981
2532
57007
130013
641371
134526
10965
122970
641372
54
123876
348158
341392
54988
84532
79611
51412
284382
139741
140625
132612
161931
8038
8749
2515
11086
11085
80332
8756
27299
9510
170692
171019
80070
9508
56999
92949
114
124
125
126
127
130
131
149685
140
155
165
173
174
123624
79841
84871
392636
155465
181
185
186
189
64902
51327
57379
199
9447
158798
441282
1109
6718
212
216
55821
241
248
257
60529
258
265
266
120425
273
401138
276
277
278
284
9068
23452
27329
253935
10218
647589
27063
84210
441430
441425
91074
374860
79722
100287718
56311
389161
57101
63982
312
54518
147495
164284
325
100506013
187
116519
339
403314
344
345
346
319
350
80831
89872
375318
653437
361
383
55843
57569
9938
158763
22899
54848
392509
100506084
100996709
51326
390790
51309
9823
387715
100526693
10777
645432
415
416
347527
417
419
420
136371
142686
142685
127247
401036
140458
430
56676
121549
433
40
51802
434
438
443
554235
374569
54829
80816
136991
400165
482
23439
496
245972
127124
51761
26053
551
552
553
554
158833
8707
135152
192134
11041
124872
79870
574
85318
85317
85316
140836
343472
56033
10538
8424
63827
590
10017
139105
79656
633
727857
128408
635
80114
112401
640
63915
27302
9210
651
653
658
660
646
54796
552900
654483
671
51297
140683
128861
92747
80341
359710
149954
128859
254240
442867
442868
9083
676
1620
57795
339479
680
7809
100131137
390259
54766
56244
79908
387638
399814
283080
282966
256815
118611
56673
29125
143501
160298
283171
91894
341032
85016
399947
399949
643037
283461
374470
728858
338809
283598
400258
145858
100526783
400359
388289
283897
123970
162083
146556
646174
146378
388276
400591
100506650
146853
124773
146723
284099
100141515
644041
147685
646457
147646
712
713
714
389941
114902
114905
338872
387911
200159
92346
400757
388649
93190
284546
127003
727684
388759
84970
128653
128864
140873
284756
100128496
128602
150248
25770
150297
388125
100191040
408029
84417
389073
56918
400950
719
152065
152405
80111
285311
285382
152118
646498
720
721
100293534
722
725
84103
55286
152940
646603
153571
389336
133491
134121
100190949
133874
285679
285668
729
10665
168090
29113
389384
730
202865
401335
154907
80099
285941
731
732
116328
157773
203076
389649
389676
735
138724
401535
286223
375759
157927
84267
100129385
759
56934
762
763
765
766
51475
56344
85438
786
10369
10368
27092
27091
59285
253559
796
255022
51806
820
440854
10753
133690
93661
114769
440068
59082
9607
834
100506742
23581
844
257062
859
869
147381
140689
873
646019
387707
126402
151278
339184
100129792
147872
339965
728591
374864
100500938
101927581
164127
148870
339834
84692
83446
886
887
6346
6356
6357
6358
6359
6360
6361
6362
6363
6347
6366
6367
6368
6369
56477
414062
6349
388372
6351
9560
6354
6355
8900
729230
1232
1233
1234
150160
9332
4064
909
910
911
913
914
344807
50489
51744
57124
939
940
124599
100131439
146722
146894
9936
947
951
915
916
917
959
962
921
963
922
923
969
941
8832
942
926
1008
1009
1010
1012
1014
1016
28513
1005
1006
1007
92211
65061
1018
344387
1038
146822
256223
1046
253175
9085
203611
9426
388551
1089
1048
1087
1088
1990
51032
23436
9350
1066
221223
1068
1071
55997
653275
3080
10878
10877
81494
1081
9023
1101
1113
1116
1117
27159
1118
10752
63928
1129
1131
1134
8973
1142
9486
64377
83539
100529261
130106
1149
100529251
1178
22802
23562
10686
26285
51208
49861
53842
100132463
644672
7122
9073
10462
160364
387837
161198
51267
51266
387836
9976
10143
338339
26253
339390
10332
23601
93978
64581
283420
160365
574016
116449
1208
340204
7401
645104
64084
157807
134829
1215
1240
1260
54714
285888
1268
25927
5067
152330
53942
27255
129684
1300
1301
1310
169044
91522
256076
399948
120376
10584
100532731
1311
51226
100529144
84701
1339
1346
1356
1358
1359
57094
1360
1361
64506
1370
131034
53336
8532
1378
54544
1392
1393
1395
401262
167
7180
10321
83690
64109
49860
54677
1401
56253
1406
1412
1414
1418
1419
1420
1421
155051
1439
1441
1442
1443
1444
1446
1447
1448
8048
140880
1472
8530
10047
128822
128821
128817
541466
102723680
102723737
728911
441519
101060211
102723631
441521
541465
100507170
255313
653282
728036
728042
728049
728062
728072
728075
728082
728090
728096
643311
54967
196993
203413
1485
246100
30848
1493
1501
1504
8722
1511
1521
399697
613212
50624
80157
6376
3627
6373
6387
10563
9547
6372
4283
2833
643
10663
80231
100130361
100132994
100129239
100133053
158830
347487
1538
1539
1584
1586
339761
1553
1548
1549
1555
1565
107987478
107987479
1572
54905
64816
100861540
1551
1579
284541
1580
199974
1581
9420
1582
10800
57105
9595
54360
116159
23500
1600
117154
168002
267012
1617
57055
57054
57135
1618
1621
120237
139170
340578
1630
117159
149069
1634
81501
1641
414301
8528
55510
168400
50514
1667
728358
1668
1669
1670
1671
1672
414325
55894
140596
503618
245908
504180
245909
503841
245910
503614
245911
245913
245915
245927
245928
245929
245930
117285
245932
245934
245936
245937
245938
81623
140850
245939
140881
400830
403339
613211
613209
613210
100289462
1673
347516
139189
201140
1733
54769
116093
27123
10395
220107
1749
58524
63948
63947
728656
56171
414061
165721
552891
1776
29947
1791
9046
55816
64180
57628
151871
359787
55211
340168
503834
1805
283417
1807
1814
1816
644168
1834
401124
196403
405753
338599
63904
100288687
107987484
107987485
107987486
107987487
143241
83657
391475
1879
340900
641700
60401
10876
64184
1908
1910
79645
124989
285588
2202
80258
10278
25975
728689
1973
1991
1993
54898
6785
64100
51705
84658
2018
2019
8909
133121
339221
150350
2042
2044
1833
26059
127254
220081
57471
405754
100271846
11082
2099
2104
80712
83850
64850
132884
2123
2124
2138
2139
2160
2165
9002
2155
474383
474384
8263
2158
2168
2169
2170
2173
646480
283985
80039
100129396
51059
338094
285596
202134
221303
148753
283777
340069
170370
400823
121006
407738
259308
54757
144809
222826
152756
392307
103091866
644634
118670
100133093
643161
644054
54097
158724
170062
442444
125704
153745
196472
161142
84691
729533
728833
151354
171482
171483
171484
115795
356
89885
2201
8789
162517
51725
494188
83953
2204
2205
2208
2209
2210
2213
2214
2215
2219
2220
115350
79368
115352
83417
83416
84824
260436
222894
26998
54738
338557
2243
2255
2259
8823
2249
2250
2251
83888
2266
10875
9457
387758
344018
55137
11259
2312
388698
2313
23768
2326
2327
2328
2331
158521
163479
54752
408263
2346
219595
2350
286380
653404
2304
2299
344167
668
283150
139628
100526835
2358
2359
166752
441581
100288801
79981
90167
9758
23732
100861412
25788
84075
2488
2492
56884
53940
2529
486
100533181
50486
2538
128954
2555
2556
2557
2558
2559
2560
2561
2565
2567
2568
2569
200959
2572
339896
2543
100132399
729422
729428
729431
100008586
2579
26748
645073
729442
645051
729447
2574
645037
100101629
26749
729408
2576
2577
2578
89792
168391
442117
85569
2587
2596
202309
2620
2626
140628
57733
26301
163351
388646
2638
2641
2642
140687
257144
148823
2657
2662
2658
9573
392255
151449
2668
2674
64096
389400
124975
2688
2689
2691
2692
2693
2694
170575
100527949
55303
55340
474344
168537
155038
100507096
84694
2701
2702
81025
2705
10804
375519
57369
2712
56287
200504
2740
9340
2741
2742
8001
441509
2743
144423
360203
10249
219970
389396
2765
346562
59345
2791
2785
2793
2798
283767
727832
137362
2811
2812
2813
2815
10082
170589
122876
2825
83550
2835
124274
353345
344758
285601
134391
390212
2840
29909
84636
2841
11318
2844
2845
2849
2850
2853
2854
2856
2857
9248
2830
83873
118442
8477
8111
100302652
27197
53831
54329
54112
55507
222545
2880
257202
400581
64388
2890
2891
2893
2895
2897
2903
116443
2913
2916
2917
389207
643226
145258
2928
2938
2940
221357
2947
2952
2953
653689
219409
11036
389524
220158
149699
2978
9626
2980
2981
2984
8908
2993
2994
2995
2996
3001
3002
2999
3003
341567
474382
474381
83740
286436
158983
23498
54363
51179
1404
404037
3042
3049
27198
338442
8843
285834
3060
3061
3062
3067
139324
399671
256957
391723
55363
113802
641654
390992
23493
148738
100128124
64399
10086
11148
51751
613227
3024
3009
3007
221613
255626
3018
3017
8339
8343
8344
8346
8347
8350
8351
8352
8353
8354
8355
8356
8357
8358
8968
121504
554313
8294
8359
8360
8361
8362
8363
8364
8365
8366
8367
8368
8370
8369
723790
8337
126961
333932
653604
8290
3118
3125
3126
127540
54511
3158
57824
3166
3167
3176
343069
84525
84072
3211
3238
3240
84842
3250
57110
54979
117245
3274
388697
9956
222537
3290
3294
3283
3284
100130086
100506164
159119
86614
116835
3316
8988
27129
94086
100529241
3346
3347
3350
3354
3355
3356
3358
9177
170572
200909
3360
3361
203100
23553
25763
3375
3386
29851
91734
3620
169355
3428
10964
3439
3447
3446
3448
3449
3451
3440
3452
3441
3442
3443
3444
3445
3456
3458
56832
282618
282616
282617
101180976
3467
3479
3484
3487
3490
374918
388555
444882
402665
84966
147710
10261
10320
3586
3594
3595
3598
3605
27189
112744
400935
3553
84639
26280
8808
3558
50604
59067
50616
116379
149233
64806
55801
246778
3559
3562
386653
90865
146433
27179
27177
26525
3563
3565
3568
3569
3575
3578
3581
3617
3623
3630
723961
3641
10022
11172
117283
79781
389123
401067
389124
440956
654502
100505385
3394
56269
3671
91464
3676
8516
3689
3698
3699
80760
347365
3702
55600
9452
3713
126123
100129669
126306
353219
163782
3736
3744
3737
3738
3741
9312
3747
3751
10008
23704
27133
90134
30820
80333
3769
3772
3773
100134444
3764
54207
60598
83795
89822
338567
3776
3779
10242
3781
3787
3788
157855
27012
169522
386618
11081
154288
202559
9729
100127206
84643
3802
3803
3804
3805
57292
3813
3806
112268360
100132285
3808
3809
3810
3811
3812
115653
84623
3815
9365
152831
128209
317719
57565
257240
340359
56062
89857
43849
3817
354
3820
51348
100431172
100528032
22914
8564
148930
3827
448834
84626
100506243
192666
147183
162605
3883
3884
125115
112802
81851
81850
728255
83895
386677
353333
386678
386685
386679
386682
386674
386675
386681
386676
337880
353332
353323
386683
386684
140258
337959
337960
284827
254950
100505753
83902
337882
337969
337970
337971
337972
337973
337974
728299
337975
337976
337985
337977
337978
100288323
337979
100288287
337963
643803
100131902
388818
643812
100533177
83897
85293
85291
85290
84616
85289
81871
728224
387264
440051
440021
387266
387267
439915
440050
57830
337966
337967
337878
337879
728318
83899
83901
83900
85280
100507608
100505724
81870
112970
91133
90070
3904
3906
22798
24141
54900
143903
3929
10660
353131
353133
353134
353137
353139
26239
353140
353141
353142
353143
353144
84648
353145
199834
254910
448835
3933
158062
138307
392399
92483
401944
3950
149018
3952
342900
85329
29124
56891
148003
3963
653499
284194
654346
9211
55203
8549
340596
375612
431707
11024
11027
11026
23547
353514
79168
10859
102725035
107987462
107987425
11006
10990
3982
100288695
96626
158038
339398
3990
8513
149998
142910
643414
340654
643418
167410
198437
55885
729420
442721
149373
4015
2846
10161
4023
4025
57497
145581
340745
376132
389257
474354
64922
79442
339291
79782
151827
55282
126755
116135
100505591
64101
254050
57689
219527
220416
57554
100506049
344657
57633
54674
347730
80059
57408
4045
4060
338645
767558
56925
58530
100526664
4065
9450
137797
147719
646627
84569
119180
131375
57151
4081
84944
266740
4101
100533997
4104
4108
728269
139604
9947
728239
81557
139599
28986
54551
4118
340895
54682
100287284
54627
84557
80122
55016
441061
4142
116511
10747
4148
85509
125997
653657
653656
284428
4153
4158
4159
4161
401250
199675
2847
84539
259283
84935
100271849
4207
101928601
4211
4223
4224
149281
196541
8076
83552
162387
25834
4256
286097
4284
83881
2315
4295
2862
221938
4321
4325
56547
64066
4314
4317
4332
4336
4340
80168
27136
4342
54456
347411
219972
4353
758
56246
4360
116512
116534
386746
259249
117194
117195
117196
389690
80133
931
341116
54860
503497
84689
2206
932
51338
64232
64231
245802
58475
83661
9242
343930
4477
4504
84560
4544
136319
143662
394263
100507679
4589
118430
4593
25878
255275
10408
80177
4617
4618
4620
4622
4626
4632
93408
4634
58498
53904
4653
4654
4656
58529
51778
23040
10003
259232
79923
360030
9027
51471
148545
653361
4688
344148
9437
9436
259197
4692
4693
64579
100532726
64168
4741
257194
4745
81832
4759
58158
63974
4762
50674
58157
4803
378884
22795
167359
4815
154215
128414
4818
137814
57502
22829
338322
91662
126204
126205
51314
23057
27231
129521
10316
56923
4826
4837
23530
135935
4838
344022
4857
50508
50507
64067
2831
2832
10886
7827
642778
642799
101059938
101059953
80896
4878
4879
594857
387129
4885
64111
4852
4887
100996758
5540
4889
190
8431
9971
9970
7101
4897
10718
83714
203447
140767
9378
27065
100526794
93034
50863
22854
57495
56001
728343
55998
115861
120400
120406
54827
57624
60506
29991
29989
729330
4948
654231
4951
128506
54959
4956
113746
146852
4969
170392
55301
10562
283298
116448
167826
4973
4958
4974
441161
219990
93377
101060233
2652
728458
611
94233
221391
4988
26254
341276
26496
283297
144124
390093
121364
121275
282770
442194
26533
390264
390265
219869
219870
26538
26532
126541
284433
26476
441911
127385
391109
391107
121130
219960
343406
219873
128360
390201
81341
128367
128368
26531
390439
81061
440153
79334
390442
122748
391189
26529
81797
392376
138803
138804
138799
138802
286362
286365
138805
441933
347468
392309
284532
127066
401994
442191
8383
26189
347169
26188
4991
8386
8387
8388
4992
8390
126370
347168
26740
26219
392392
26737
26735
254973
392390
138881
125963
138883
138882
158131
219959
219958
346528
402317
346525
442361
392138
393046
81392
144125
338755
391191
121129
341152
127623
81697
442184
4993
81472
120776
120775
26211
135948
81470
81469
26716
7932
26707
442186
26248
284521
26246
391192
81466
391190
391194
127062
26245
127059
391196
56656
26696
127069
127077
127064
401992
403239
343563
343173
391195
127068
403244
127074
401993
254879
343172
26693
285659
26692
343171
441932
134083
284383
4994
4995
8392
81328
81327
403253
81318
119765
219429
283093
283092
81309
219428
256144
119749
219432
26689
390197
219986
124538
219875
219983
390199
26686
390649
26683
729759
81399
81099
441308
26682
79501
390648
79544
390433
122740
81127
390436
390431
79317
122742
441670
390538
390429
102723532
283694
390437
81300
441669
256148
219431
390113
119764
401667
401666
119687
390058
390038
143503
81285
256892
119694
79324
81282
390064
390059
390061
119692
401665
283111
23538
390054
255725
143496
340980
119678
390081
390078
390079
390067
390037
143502
119679
390036
119774
338751
119772
79473
390077
390072
390075
119695
120787
120796
390083
120793
390084
387748
196335
219982
219981
81050
390181
390195
338675
219493
219447
390445
390191
219965
219968
441608
392391
390142
219436
390144
219438
338674
26341
403273
403274
79310
79295
10798
282775
26339
402135
403277
403278
219437
26338
390168
390167
219487
219482
219484
390162
120065
120066
219479
390155
219464
390154
81696
390148
135946
389090
150681
390321
341416
254786
341418
283365
403282
403284
390327
254783
390323
390326
343169
81448
391114
128371
390261
128372
81442
128366
219952
341799
219874
346517
390260
391112
390892
26333
26659
26664
26658
125958
26648
125962
390882
390883
390275
219858
26595
390271
283162
26493
283159
283160
338662
26494
219865
219469
390151
390152
120586
219477
81168
390157
219453
341568
219417
135924
130075
390174
504191
283189
219954
441639
219956
219957
344901
131149
133060
347741
56914
150677
139562
5015
341277
165140
27199
5020
22953
27334
64805
53829
9934
286530
140886
353238
5047
8712
139793
90737
54873
25891
116337
165631
139135
160065
399967
100169851
399968
5077
5078
5081
59351
57575
27328
83259
65217
64881
56147
56138
56137
56136
56146
56145
56144
56143
56142
56141
56140
9752
29930
56125
56124
57717
56133
56132
56131
26167
56130
56129
56128
8641
56101
5105
5121
654790
5122
9468
5132
80380
5146
5149
80310
5156
204474
10630
5173
23024
29951
157310
5178
5179
5196
5197
345456
643834
643847
5222
267004
8993
114770
57115
145814
221692
116154
644844
401
254295
84457
5266
5284
84992
5288
5294
146850
5304
644139
9271
440822
27039
10343
84647
5320
26279
30814
64600
123745
5322
79887
5334
345557
89869
200150
5341
440107
5342
5343
5350
5354
389158
84898
148811
5367
5375
5406
5407
5408
119548
84968
5409
5368
100528030
127435
285877
94026
5443
10631
340441
100287399
100996331
388468
100288966
317754
5449
5456
5460
11281
151649
692312
10891
5473
653598
645142
728945
730262
54866
10842
5506
286187
84366
360205
65121
343071
440560
390999
729528
653619
391004
645414
65122
645425
653606
400735
343068
440561
441871
391002
343070
5542
5545
59336
63978
80243
10394
10216
166336
5579
5587
5617
51052
2834
5618
5619
5620
23627
58510
84432
60675
10887
128674
5626
100533178
5629
8858
285800
122183
729233
729240
729246
729250
729627
389151
389152
100131608
100133251
401137
339779
100130613
553158
79057
5396
5645
136242
339501
339906
377047
345062
221191
203074
136541
283659
442862
9081
5669
5680
5670
5671
5672
5673
5675
5676
440533
5678
85481
143471
170680
139411
374308
171558
5729
5737
5739
5741
5746
84867
374462
390667
5816
29108
260434
149628
100996939
347148
140902
10981
116442
347517
53916
5897
10742
10266
10268
202151
5915
5918
5919
5920
9182
30062
84839
100533952
54033
139804
378949
5940
378948
378950
159163
378951
5948
5950
92241
343035
647286
50700
283677
5967
5968
5068
130120
83998
28954
389075
56729
84666
5988
729974
442247
130132
5992
222546
731220
400966
729857
729540
84220
727851
5995
5996
6003
64407
431704
26166
6000
401190
85397
353299
54933
51458
84528
727940
440804
150221
11035
92129
134701
6014
6017
6019
117579
338879
122651
493901
440163
6036
6037
6039
84659
122665
390443
285533
285671
54546
285498
55328
6091
6092
54763
6098
6101
6121
57096
126638
6247
222967
728194
221421
340419
132112
344892
83597
64108
285093
59350
122042
51289
339403
6283
338324
6279
6280
6285
795
1903
6288
6289
100528017
6291
6295
27164
344658
64092
401251
54440
340562
646643
157869
51097
7356
147199
653486
10648
10647
404552
4246
4250
92304
10590
29970
388325
256380
6323
6332
140856
11341
85508
6343
6344
6383
10993
645832
6401
8991
6403
9037
6406
6407
728492
8293
253190
387923
51156
256394
145264
390502
5267
866
6906
327657
5273
89778
89777
5275
5055
6317
6318
3053
5276
23544
57713
6422
6423
6424
389376
253970
653509
6439
6441
6444
137868
4068
117157
646892
387914
152573
388336
6473
6476
283514
89790
114132
89858
100049587
284266
8778
946
27036
27181
27180
284369
6492
284759
128646
27240
4990
652991
122060
6504
114836
56833
89886
6554
6555
345274
6557
6561
9058
6563
8170
729025
162515
6568
10246
10786
10050
57084
246213
6570
6571
6572
80704
387775
55867
116085
6582
283238
387601
6581
9356
9376
114571
9963
57419
283652
1811
116369
9153
64078
6514
55532
7780
643664
285641
151258
221074
57864
146802
57282
200931
123264
125206
159963
6524
160728
200010
6538
11254
348932
6530
9152
6534
157724
84889
6545
6546
6550
389015
284525
6579
53919
91607
100506736
146857
342618
114798
84631
22865
6588
57152
548593
79008
440087
4184
644538
147670
100507341
79024
284274
644994
284422
100132963
100507203
6606
6607
64093
64094
26952
10879
9892
6638
8926
54212
132203
29907
6649
402381
100526761
54937
114815
22986
50964
25928
6658
6660
81833
124912
171169
389852
729201
10407
653423
79582
200162
6677
30014
728712
728695
64663
64648
494118
494119
139067
441525
494197
8404
219938
84690
130560
647060
727830
727905
389730
26165
441452
645961
389762
389761
145946
375686
221409
285955
441273
100310812
441272
442590
729597
220082
246777
23111
10638
121599
6690
408187
27290
11005
404203
84651
646424
643394
10816
391253
23626
162540
6700
6701
6704
6706
163778
55304
84654
6716
647135
653464
5552
6736
136263
6750
6751
6752
6754
6757
727837
10214
548313
6759
6758
280658
9705
55808
8128
51046
55576
6769
26228
6779
55351
81551
161003
286749
346673
23213
445329
6818
27284
442038
27233
6783
6822
391365
140732
22987
136306
93426
342898
8224
79953
132204
341359
255928
83851
6860
134864
9287
9038
319100
83551
134860
6863
255061
6870
441864
445347
50834
50838
50833
5726
259285
259286
259287
353164
259289
259291
338398
50837
50836
50835
161514
414060
729873
101060321
84218
729877
387332
347853
57057
50945
9338
340543
158931
6939
150921
100129654
126637
8115
6953
100996648
6997
6999
56165
126668
122402
157695
253017
6975
127670
83659
100134934
374739
9840
56157
122046
1527
339669
84066
200523
374973
389320
83741
7031
7032
7033
7980
100527943
90316
90655
9333
343641
51298
100507527
284486
387357
55258
7069
497189
91937
7079
27283
84076
7099
51284
51311
79853
9032
53346
53345
117532
342125
127391
145942
23671
55273
66000
100526772
283953
338773
92293
121256
124842
55281
284417
132332
80008
134288
55365
653659
256130
645369
338949
79652
131920
100505993
255349
389177
155006
388335
338661
730130
387890
100288797
253582
388946
169693
219623
100130348
161291
83604
120939
137835
643236
388595
643965
388364
339967
132724
9407
389208
283471
5651
7113
64699
344805
7130
79626
23495
608
407977
944
79931
64102
7135
51086
7141
7142
387990
102723655
102723713
102724101
102724127
24150
653550
729264
729355
27296
8626
89882
121278
284355
7177
64499
23430
25823
80342
100128327
50852
10345
54209
340205
285852
7200
7201
9865
51127
11074
53840
135644
287015
129868
653192
79097
57093
283116
642612
399939
729384
84767
445372
391712
84676
120146
642446
646754
375593
378108
390231
339976
7223
7225
57113
80036
7227
114960
7252
57616
441631
26526
7103
222642
100289087
7258
728137
64591
728395
728403
85453
83942
23617
283629
164118
83894
7276
286319
100533496
117581
255220
7299
7305
7306
10537
148581
50613
642623
127733
221044
7350
54658
54575
54659
54578
54657
54579
54577
54576
54600
10941
574537
79799
7365
10720
7366
7367
54490
7363
7364
133688
167127
7369
89766
137970
54346
7348
151531
646625
100534592
100287144
100287178
100287205
100287238
100288520
100287327
100287364
100287404
377630
100287441
100287478
100287513
728369
728373
728379
728393
728400
728405
728419
645836
645402
728386
392197
392188
83844
57663
373509
158880
2837
7412
26609
51480
51481
425054
353513
9084
7424
27287
51442
245806
7432
7434
5212
57191
317701
317703
317705
8875
55350
7441
11326
284415
196740
387804
30813
7448
375567
402117
164684
116966
128025
349136
126248
128488
164237
140870
90199
259240
11197
8839
8838
7471
7474
7478
7484
23302
9671
653067
653220
9502
170626
170627
2829
129446
150165
114786
389610
343702
389668
9082
353515
285525
353174
101927655
81030
7704
27033
389874
131540
9839
346171
284406
23414
653808
124220
7547
84107
23619
79698
7556
100529215
7730
7568
342909
55422
30832
167465
25925
9745
80032
79891
7620
440077
100132396
728957
100131980
728927
79755
146540
388536
219578
100529240
148066
7783
57829
11055
124626
151112
