101927869
339622
100499171
104355288
252950
252952
100533178
159125
83866
100128714
100874182
101060019
102724321
101929582
100874205
101927430
390535
100628307
101927661
101101773
338002
100507277
100124412
6779
503519
644511
339291
100874063
5940
378948
642636
100113404
8590
727856
100287596
100288486
283953
120776
341276
161003
105374698
144124
26285
440757
266919
105371766
105374177
283297
120775
80712
8712
440153
3982
9506
3347
158798
127391
9436
3346
101928887
1990
728276
5670
5675
5676
5680
100873922
286828
101929602
401137
643803
100131902
388818
643812
337963
337959
140258
337960
284827
252951
92552
100093698
445577
105374461
105376490
100128590
388553
100133123
100885796
84666
100505583
100861542
728395
9032
390502
24150
102723655
102723713
102724101
102724127
100874088
101927701
100652730
254950
53336
101928941
390054
84528
338879
337882
337969
727940
100289188
105379268
337970
120237
392360
728403
337971
337972
337973
100506237
26257
283110
253970
23538
337974
103106903
283111
101927678
101928992
390443
101410542
348021
105379270
641455
8431
9074
285375
100874082
7476
11061
105370954
149950
90316
100505964
101929701
727915
102724452
106660610
441308
594857
100287704
100287834
100130361
101927580
6906
3543
101928790
254028
9626
493901
727982
100288287
5568
57574
103344929
400743
51802
337968
286234
399814
1448
102725079
337967
27136
337979
100506506
85438
4110
353164
124056
337966
337975
645142
131149
387332
100506164
647309
101928417
101928446
647107
4108
5545
100132994
10281
389827
9152
101929651
56961
641367
337976
337985
102724167
4161
100288323
26952
337978
337977
4158
64843
728137
375940
340980
337879
390059
10879
337880
100289150
390067
390066
7258
79470
107987341
388960
145978
259234
326340
101928687
9210
101928470
4153
341799
401081
84677
327657
728299
104355289
146336
6975
101926971
642968
677779
151871
390064
100506907
282763
390058
3641
252946
101929413
79339
390063
375323
390061
100874231
106480738
100289087
83868
101929390
114131
440084
5542
646603
100128233
101928850
677882
100506530
677784
390445
10022
10665
277
278
123970
404744
100861552
100507428
387129
2558
404216
84673
401082
100101120
203076
142683
101928040
101928372
390790
10876
102216268
10816
64184
378949
729233
105370298
729240
140870
101410536
122183
102800315
101927700
3228
102546227
390664
30010
400238
4759
6476
341359
148930
729246
400794
440699
252953
135886
219409
100873947
401138
100874127
378950
388942
106481742
106780825
100287114
23439
105372179
2169
644524
404785
90199
5535
105370622
105372267
100874179
257202
284382
101927228
375337
2880
442862
284383
152138
100874208
100505545
102725532
259240
101929384
441543
101926966
140832
8074
2691
50858
3651
342850
4821
100129138
252954
162699
105369241
387638
158257
26291
23519
730291
729250
285501
101928656
51557
1045
252955
763
102724188
728081
2928
23746
100505609
259239
100873965
287015
280664
164237
54754
118670
258
105376100
339442
374890
201477
101928476
440518
101410534
101929124
149699
100996939
81025
101927136
414319
317754
2251
105372626
100873986
100270679
387055
105372672
101929269
348840
6336
101929690
10368
168417
100861547
3906
340990
101929663
100507435
1539
101928496
1814
103752554
100885780
150577
402117
653192
10408
286514
101927762
284788
140828
102723330
100505561
3170
103724388
102724076
106144531
4654
283332
91734
100873937
101927347
85509
105376946
338949
10911
81492
728450
57084
391253
105373876
158809
101928327
101929412
101927292
100287718
347541
102724334
100652909
389273
3175
100652911
139538
125963
56832
154150
388468
339926
101928336
100874196
79334
159163
441911
100861546
101929754
441670
390429
441669
554226
102723544
101928770
5678
390431
282617
284344
83863
101929685
105376854
5458
390882
125962
159162
1068
79317
105372566
79544
81127
390432
26476
284241
285877
122740
390433
101180976
401337
347442
5741
6754
122742
102723378
282616
282618
100507194
345062
2742
101927152
125111
390883
129868
105378739
146167
654835
105378738
101929010
378951
127385
200261
102723605
325
101929486
100505515
125958
26648
101928559
105616916
57663
26692
101928185
101927171
10599
84672
101929148
104355143
347127
105376108
28234
389761
389762
100874195
390874
105372257
81569
9081
101927876
105370646
729458
390436
338821
390437
284428
389015
139422
390439
222008
101928405
107986096
9247
285878
84103
55539
388007
122748
439996
653550
653656
125997
653657
139425
101928132
140902
138805
101929164
101929144
114026
252949
57057
104355140
100874137
503835
353219
100996280
105370605
403315
114761
729355
132243
138804
440956
138803
101927282
8386
653166
4991
9083
139212
138802
83656
151121
8390
26189
8383
129521
286362
101927924
400866
286365
106478956
105377108
101928418
105376468
81061
140732
390442
4994
389124
101928999
401067
389123
100506840
100873946
101927219
100500938
105378311
100463289
83639
642345
128408
63930
479
100144597
7224
286442
102724018
101927449
100861522
8392
100287792
105374002
101929241
8388
442184
100129345
442185
644093
442186
389763
3375
4295
101929526
105373519
283598
120066
120065
26707
105370306
255330
101927642
84647
5173
101929620
101929310
389075
727993
340784
100861553
105616982
846
100874190
643311
122665
5370
107987420
107987434
731
100874122
100507170
116123
728378
100874059
101929006
101928435
100861573
105370829
283867
340017
3167
340595
104472717
101927007
101926903
100506724
100996694
4113
102725019
4114
104355285
4115
4112
101927359
2994
2160
103456507
139760
104413892
100874079
285441
255313
442191
101927796
102723578
2993
4543
728036
101926890
105370308
81797
26531
102724539
442194
728042
81696
1617
100874187
101928844
128817
652991
84654
728049
285103
144776
140880
26716
26496
338322
10047
140834
101927242
100129597
101928259
283585
653282
23784
389730
4159
222611
343641
106146148
728062
101927489
100874143
728072
101929238
645683
399827
57055
105373251
104355293
101928203
26240
107987516
100873969
140856
340900
400757
149233
728075
728082
101060542
101927362
399706
128859
728090
100874157
390078
105463123
151484
101928734
727857
102723968
390081
101927123
101927149
103581031
101928345
5076
645974
348761
728096
100130264
79473
400511
387748
390079
340529
390075
100996279
3358
100507528
283685
101927917
642394
104355137
339822
2700
101060385
101928618
338599
221391
101928571
100505776
649159
144766
4990
100874236
101928335
101927690
359710
126123
27283
9084
353513
164380
282980
100507362
150160
130560
128821
105369268
101928840
100874056
102723883
57369
101927350
606553
101927360
150568
124912
100996447
149954
101927769
125972
100506765
101928280
89882
56156
27189
101928174
5081
339345
100874064
104310350
140683
100874087
100874086
105373525
158835
102724913
100873997
100507381
100128688
9248
101927476
139562
284661
3062
4761
105377213
100132463
4808
150165
152405
27437
7348
139135
389177
100874219
641365
317716
104266960
100873972
343930
100874093
101928694
8403
253175
139804
101927239
101927455
102682016
85003
128861
101927492
100506677
440419
102724691
80834
389158
100507274
100505768
6290
1046
388555
100874047
100874145
1472
103344930
117196
101928537
339779
105375014
101927866
51297
100874028
101927829
1469
8941
391365
93107
494141
3744
158833
339
53940
105372038
347468
1260
104326193
51213
100506272
128954
100996624
4103
5015
105379444
389151
100505797
101927596
256076
138255
152274
132625
205860
389152
60467
729627
1470
644444
26628
54738
1473
101929353
101929448
390083
1412
104355218
84559
401634
147710
390084
338751
201617
104266959
100379174
283404
120793
120796
102725191
389396
81557
140848
92086
106144568
359787
196335
255725
105377480
101927849
100309464
100874201
400839
102724341
170482
100129175
100874264
340168
285423
6870
154288
283914
101929181
101929116
1544
360030
115795
474151
120787
105372069
101929337
100507605
57626
390010
105371350
644248
474149
100861544
442867
100129027
200726
391475
3933
58530
101929468
339976
259215
221833
388595
1485
494197
26330
57054
54088
100287225
101929584
170627
105374791
104355138
9865
27302
186
155184
30848
646600
6354
173
246705
101930028
3354
101928288
105377536
200504
203413
4253
728239
94026
101928971
104355286
105377617
101927412
102724208
101928603
10143
105376276
63973
128209
221938
5047
101927410
100885781
84569
107986703
401498
100874275
474
101929210
101929111
728040
644070
105370757
101926928
100874194
203611
55079
6346
101926955
400533
344805
644041
118427
9426
101929733
101927606
9502
100130954
105376594
730338
100652740
256815
653220
389874
145942
203569
389860
204474
260434
653067
100507461
124274
105374729
2693
64693
5232
196541
102723971
360203
102723617
646262
55195
133482
2978
100133461
105379374
101929745
105369810
100169989
100129385
101930748
101929199
6570
392399
402381
448831
730811
2832
340113
100463488
102724651
101928167
90737
6295
100874216
100874221
280658
101927038
6757
100505929
139793
86614
8340
8329
425057
100852408
100861468
27442
100861514
101927434
100506049
2856
100507143
139628
3009
150000
8356
3060
101928894
85397
105755953
4109
102723778
101927534
104798195
102723828
101927363
101927554
401250
101928622
10895
101928298
101928791
101926924
122706
83864
84504
101928322
646000
104613533
2556
101926942
114335
1082
114336
344758
360155
644945
246312
128674
100507629
93659
94115
439933
1237
4102
553
101927718
101929694
83942
344807
105369891
101929207
105375115
100192379
101928769
286186
100288485
140453
103695435
101927220
81697
26212
439916
196477
101927324
159296
266740
79697
84560
100996490
10716
101927447
105373051
100874089
100129066
158511
389384
100288524
375607
1761
390892
285401
319
147183
26333
353288
100873945
100133093
646799
286370
100505893
51289
347487
100506999
84873
162605
728660
105373343
101928978
6555
9623
101927364
101927873
105378785
101929478
100874102
346606
101928052
26658
105376365
100505619
104326190
83844
256223
102467079
286114
102467222
6658
267012
100874051
4111
283854
100130935
282706
101929172
401103
103689843
126402
126961
728695
107984060
101930094
4105
4490
105374244
100507059
64663
728712
30014
100287592
8337
219770
64648
94150
101928475
103689846
100127206
333932
128488
128864
9947
132204
101929261
100874016
105374644
51438
100038246
3195
441525
101928144
7401
3196
101927396
340508
139067
441818
6406
347411
399669
5651
147664
100133077
10660
101927419
81833
255220
101928190
643714
340024
285224
165721
56956
100996590
100508631
347168
26740
146852
26219
138883
102723604
138882
348932
101928516
105369900
158131
101928994
101927358
26737
26735
102724153
340512
30062
5301
254973
392390
8115
284254
100507679
118432
158724
149620
494118
103689915
107986164
253573
645030
132203
101927953
340073
387486
100874074
100507464
105369920
105373536
126370
100874039
157848
170062
6407
54657
100507391
105374293
83893
222545
54577
139604
54212
392391
339302
54658
100286922
392392
54578
92346
100874284
54575
30814
3273
101927059
100506405
83851
85293
83897
83896
3827
728255
440077
103695432
81850
81851
81872
378828
101927821
399829
101927843
101929551
26998
100996630
221613
54143
104326057
10744
101929759
27159
100506384
339788
642597
266917
255626
400359
56914
284415
100874528
441025
729121
440594
728279
730755
85294
1041
100507210
416
10050
400360
100874010
100132476
100874173
728224
101928627
7015
286464
100132386
100129464
653240
1943
83755
81871
85289
84616
85290
51481
85285
85291
728318
101954204
83899
83901
83900
85280
127124
256297
100133053
100505478
100129239
245806
100873944
1369
105372682
161514
105377652
57135
102723661
4160
101929086
102723427
2986
441864
129684
56163
100874019
83417
283303
386746
10881
101927074
338739
619351
101929450
101929470
63978
100289656
102723165
728310
26609
107178918
102724774
100862679
442868
64600
101928241
29124
6568
102724421
646096
10761
105375342
7827
339685
101927722
400932
401312
102724659
284930
105371252
102724940
102467655
101928201
474150
101928776
100271846
283460
100128811
795
101927356
107983964
101927334
441897
101927460
102546228
6098
51480
100507261
143241
255928
653275
401
23626
100506791
23546
150527
646743
1411
55997
101928748
653781
100132708
101928775
138240
202865
148753
729506
6736
105373463
140846
25763
104355136
442038
102723481
284485
221823
131375
100129935
23434
100873993
148003
2779
400696
646498
56891
408187
101927058
105369738
344561
101927950
221223
140947
4762
340074
100873933
100873932
100507175
104266961
100128505
101927922
101929341
1178
55801
101927498
342900
101929926
105827617
11105
205147
346673
100507612
474152
126638
100288208
100874151
166655
8929
105372068
340581
26248
388333
3578
10246
344167
105369739
168391
200523
389383
253582
171482
167
106146149
105374516
105378220
152578
643394
389421
100113403
50616
137362
101928851
83550
5161
102724502
10215
7547
9965
100996324
3950
3024
50674
390110
146325
124626
152586
101410545
222662
133060
221044
2249
84839
250
101929109
730159
101927378
2248
101929034
9085
101928922
101928443
105374428
105377671
80070
389658
144809
103689845
93978
26533
220047
114760
166979
254910
353145
84648
54729
353144
171483
101928107
26534
101927112
101927129
347694
441251
100885782
251
101927285
101929239
728637
6370
26686
10648
105377247
400765
105377245
90655
58510
105375380
100131303
105375744
254272
2572
100507341
100505547
105373496
101929338
158521
404552
101928684
102477328
150221
248
317701
317703
104472519
101927575
646508
112401
2831
729987
6998
4868
766
101929081
645355
100874185
729786
105369860
4656
2158
100506790
106660609
2695
3010
56751
345643
170825
101926908
353143
353142
134083
100873939
119765
7356
26077
102467074
440910
100101121
284355
445582
100874083
100874084
50652
128506
645591
50834
285692
104169671
106144535
100287399
102724631
101928733
353141
119764
353140
390113
23614
353139
199834
403339
284085
64591
163404
253314
1421
245928
1420
100129620
245927
245913
3891
107986046
245915
100873982
353137
1406
353135
256148
353134
256144
79346
101928389
100873920
403253
442425
105376421
3888
27091
1419
3890
101929153
353132
353131
83741
448835
101927253
4184
100131137
101928271
100130587
340745
9119
1418
389073
26103
102577424
646960
441521
105369423
101927988
163778
124872
348120
100132932
107985456
574028
100873989
7299
338809
9355
101928151
100505588
101928270
100874295
140836
100288814
150379
55511
101927721
101929123
440021
58157
27290
387266
101927657
105375750
101927884
105374631
103164619
64100
8484
100431172
26693
285659
170425
50700
387267
439915
101928590
103695434
387742
100132464
100873964
100129278
283116
403314
100101116
100874377
105378614
646754
2848
79024
645949
613210
107987560
100130480
613209
107987561
613211
105379765
105376912
84771
100287102
100505570
102723362
645520
122011
79501
107984178
388503
922
100101115
103695431
100133267
387836
440023
100462977
152024
390231
4951
284274
440704
1392
8022
246122
105371458
29949
728957
100506527
57093
93408
101928440
105371660
100101118
392197
101929696
100505659
56344
102191832
400629
100506159
149934
431704
100505853
642446
399939
339298
101929428
106478968
57113
389207
83446
102724368
6701
200909
101928009
149018
222894
400002
260429
105374436
106478970
285242
349160
101928162
2830
23782
101929624
100506827
256130
101929662
101929684
50837
50836
100507470
81099
50835
150297
2981
102723727
2980
104266963
101928539
56936
100462983
105379030
140873
259293
134288
84694
100129361
3013
105373144
144817
139105
100288831
101927416
360226
645104
574414
168090
114771
100652749
729384
3562
120146
909
728724
137196
10738
642612
119180
100192420
642623
1437
101929064
100169752
105372833
105379484
29947
387718
266
105370802
2854
105376480
100861520
104326054
101409253
104355146
57115
105370400
83953
101928276
101927310
101927900
259249
4544
121391
338324
6862
649179
100127967
101929297
100506542
146513
732275
105378668
169966
440040
100996331
100506107
100506122
122876
100874198
220070
64211
107987500
3456
245940
100874330
113746
101927207
100130988
100874325
147199
102723483
27012
105379141
102467225
3467
3452
3441
3448
645922
3446
3449
3444
3451
3442
147744
101928381
3443
3447
3440
101928600
3605
101927459
148756
100861518
112744
101927907
101927487
6011
105371506
252948
100287144
83546
100507600
101927926
101927948
283694
105369274
390539
283092
3361
283093
100128264
441925
83867
219578
219557
101929069
105378137
399923
26538
26532
100287178
400957
284424
100287205
100287238
105379478
101060498
101929420
55554
100288520
100287327
339978
100287364
55584
100287404
105372290
100287441
283902
101927526
100506172
101927017
26539
100287478
284433
100287513
728369
7441
3445
3439
254240
441601
101928460
50964
728373
338376
728379
119749
728386
101929406
728393
728400
728405
391627
285888
2492
81318
128360
391107
417
5988
283994
105370616
391109
343406
101927992
105371899
29018
728419
391622
79097
390243
101928165
644414
105369240
245929
619434
101928739
245930
129025
84075
1671
1669
105376554
51350
449491
449492
391112
102724357
128366
105370473
105374524
117285
648691
128368
265
449493
3850
170949
100287083
728358
245932
390992
101928035
91227
1670
389320
117579
102723557
285370
26683
126637
1816
101929565
100129427
245934
81327
101928881
81328
245935
245936
6014
127540
402779
4760
148581
100874286
53828
643037
105369438
105373006
442247
79549
103752587
150992
101927987
645745
729330
145241
10086
100506195
100506492
100874326
160313
81309
653641
219429
440051
81300
219431
653643
219432
105379054
89777
135644
340357
101409254
146795
101928614
116179
81448
105369443
391114
101927839
440390
642643
219436
105375843
105371156
10107
128371
7478
100133234
100131244
221122
219438
26338
390144
128372
692207
283025
388389
101928973
100287948
84767
414201
55237
101927921
390148
101928708
101928682
105664404
102724589
81442
8433
399886
2712
93668
10798
101928937
1585
2765
101927637
401447
641517
645402
342865
284395
101928404
339807
645249
282770
149647
100130274
245911
107987553
400087
140625
100874096
105370070
101927694
150483
121278
100129216
442028
340146
170712
89870
102723838
439927
2560
83795
5626
101927049
5456
1538
100294720
284366
339804
126541
101928744
730249
6569
376132
10369
57829
101927438
400958
100130331
345456
102724264
374355
4322
105378732
100874014
100874012
102723742
100131980
100289462
105378277
55894
414325
89778
440970
163742
10407
63948
338674
219447
283352
101927735
121256
118425
105376955
101927062
120586
390151
390152
100129213
503618
107984148
503841
504180
503614
100131608
344022
102723692
730100
4617
100874037
167826
100288079
100507406
101928845
105372288
101929093
101928420
101928651
81168
414301
219453
102723895
282775
84970
100506733
284546
103191607
152225
91464
101929472
101928442
100996597
101927244
104310353
219464
126536
132112
60506
101928002
101929106
1587
63974
101927000
1618
105371027
23591
100505474
220082
148231
101927273
100873984
101928031
5539
100505540
81870
100287366
441061
440068
101927081
59082
101928795
100874355
149685
101928108
101927346
103695436
7101
140679
101929505
105369473
101928535
284632
2853
401285
101929184
2864
102503429
101929082
339168
104310351
100507608
100505724
644168
401134
100533177
100505753
83902
3883
3884
3885
441317
2792
105375401
101927715
64579
100133251
245910
54346
245908
245909
100129516
140596
653423
100131816
66037
27164
10842
100873983
100505782
8688
105373635
339221
391104
1673
100132396
339529
51764
104355297
341152
105372127
8687
105370423
439934
105370424
105379164
387978
101927494
613212
101928251
353299
6953
645836
154449
392188
388719
654502
162540
246744
4100
101928809
100129669
137970
150596
64096
100127950
27023
344892
100144602
11249
105377391
400624
101927424
400620
105373377
400500
349334
105371789
101926978
3886
2488
729348
8689
723961
399697
780853
26184
4992
390212
107985280
100132078
554201
4342
221191
54766
346288
101929688
101928602
100852409
1791
105378349
390154
390155
219469
283579
390157
219477
100874101
219417
504190
728218
389090
150681
150677
100996665
101928137
390162
219482
101926983
79541
100885779
5149
342931
100506412
729974
64111
102216342
51046
140801
107983965
442388
100506108
101929260
101927411
161357
105371620
93377
101928942
101928441
101410540
79727
100861554
100873980
100287029
101929019
11023
134860
83551
147945
101927704
338567
27178
204801
221409
101929244
343472
319100
9038
128602
9288
83597
100873917
9287
2741
134864
101928696
101929265
101929288
130075
5726
219484
100507377
732253
140731
440829
1142
100506175
219487
390167
388633
390168
132954
56923
54363
101928012
8973
100506241
338675
339669
219493
390174
101927134
284294
400654
221241
283189
386653
117286
8749
101928449
148066
389208
1553
1103
391723
105372397
56300
101927295
339568
23440
100505663
146861
6694
6572
286177
26138
101929488
27179
56676
27177
142689
339674
101928036
51412
101927523
285326
1005
2515
100505890
26525
392459
100874027
100131439
100505477
100506682
160777
100505978
105378052
101929721
100874313
84639
136991
219954
136541
101929528
386676
386685
100874270
207147
386682
219957
386679
101929771
353332
219958
386681
386684
101927120
386677
386672
374768
81341
51475
353333
386674
2641
386683
386678
353323
386680
3080
10877
9366
338755
101928886
283601
2520
102467213
646024
101928924
101927450
57408
219965
202459
441608
390190
390191
101927513
5506
219968
105370014
100463482
146378
105370016
102546229
105378803
282966
221357
390181
105370024
30012
104355296
101929071
85569
105374580
283999
283432
81494
2165
105370586
101928495
157273
100996631
100996648
5024
285045
2636
136371
3761
101927798
101927822
10394
84684
347853
100130613
139741
58531
7142
105371083
3283
100874337
100507058
100130017
387810
100507534
643414
103695365
101927641
2940
3350
2834
101928471
144360
390195
5956
401177
284369
643623
101927828
221301
101927464
219981
219982
219983
102724053
100128554
390197
219986
101929544
245938
390199
646174
100190949
340654
101927139
388946
101805491
503582
101928580
102723526
101929058
101928710
100996671
5078
390648
390649
390651
101927501
100132916
79166
100506675
96626
644672
26682
440117
101927592
390201
101927616
401253
449520
104355145
9177
594840
340441
644076
54089
105375475
90070
101927845
286094
729201
83998
115653
101927557
101927539
283214
101928416
54494
105379391
101929084
143496
255025
104355291
11085
105369507
105378328
6758
728458
107984055
100462981
6756
280660
644994
146779
101927131
100506489
101927581
387778
497634
101929011
1016
56918
728290
286059
254958
9421
101929237
10214
286380
63950
100506271
116519
114794
114960
337
440896
101927314
119774
105370369
126767
647060
93190
6656
102060414
390999
390036
100505996
401507
65121
101928752
104266956
119772
440560
4988
246213
122258
135924
343069
283688
143501
143502
102723833
65122
101927348
390037
151647
85481
440561
400735
441871
440822
100507389
343071
346517
390038
102724849
9971
441873
645359
344838
101927832
101927543
259285
259286
101929570
255654
132612
7365
157724
104472714
79799
344191
2637
7455
401036
101928751
3238
101926950
79100
401667
401665
81282
119687
119692
401666
401663
102546299
56547
119694
101927835
101978719
101928596
388364
101929586
101927666
104266958
26689
124538
101928661
102557615
101927908
58158
441639
255649
100996941
59067
81623
101927230
219990
932
101060301
343070
121364
254783
140850
145645
283365
390321
101928567
388428
105372143
245939
140881
131920
441581
199713
93463
8503
254786
390323
101928820
100526771
164127
403282
391002
390326
653619
645382
729528
390327
121129
341418
63904
403284
341416
10720
106182249
645414
391004
285588
645425
101927320
100507096
121130
9356
101927683
9376
192134
54490
4975
100240728
101928401
285766
119682
283985
105378044
101927877
399670
100874021
619344
151658
646817
56979
92736
400558
347741
106144585
151325
104355287
100873165
4142
113091
64002
119679
100507003
80117
119678
105447648
653437
100130849
259287
105375679
94033
338398
375318
101927406
105375680
101927431
1443
90827
101928597
2538
731157
100131726
317705
160762
101929592
267020
283150
2689
93654
200959
64232
54860
153910
103752555
81050
26341
101927528
100271873
344658
403273
403274
1442
100288695
401554
11148
158506
168400
403277
79295
1444
100861516
29930
79310
403278
503497
26339
283238
100131138
105369980
101927274
378881
440446
100885798
105378049
340107
105373818
101929631
121599
101928778
168975
138009
105377682
647589
254187
1834
646486
1758
400568
100874530
114571
574537
10941
3381
56955
442720
105375451
84643
102724710
441369
283197
441294
100129654
3593
285627
285626
729396
101927766
340260
83661
285643
1007
728588
101928782
100874200
121549
101927787
219995
100874372
100874239
127623
83447
105369785
653645
729422
341116
100132399
101927159
83552
114902
100506869
2703
81469
441933
286023
2574
2576
2578
2579
26748
26749
729408
100008586
100506937
645073
2543
645037
729447
100101629
81470
343169
729442
81472
729431
135948
26211
135946
393046
392138
137814
101927379
649133
105375297
90050
283592
100873948
441234
101929227
153745
346525
442361
135941
26188
102723562
389549
102724612
101928944
284532
391189
101928989
84066
105371807
256369
391191
494188
26247
81466
26246
391192
414899
127059
391194
127062
26245
391195
127064
391196
390259
127066
105369954
127074
254879
81033
57824
26696
101929315
647286
401992
343173
401993
391211
102724623
343563
8756
105373278
286184
346562
127068
127069
403244
403239
401994
135935
50508
408263
50833
101929329
390260
390261
338661
338662
219875
219874
219873
390264
219870
219869
390265
63946
6561
158983
100652739
26494
219865
283159
26595
390271
26493
100874234
219858
390275
116337
439941
157376
100874369
6582
286436
1447
285629
59336
643226
728012
84539
5897
160492
149281
105376633
101937451
100874052
103312105
101928536
103695364
101927588
51052
102724555
142685
388406
105369550
6677
105375483
84366
360205
102723644
10481
160065
399967
100169851
399968
101928700
105375556
26070
2554
4956
100505718
150350
730130
399881
100996385
134391
283165
101929427
100130348
100874251
100874361
100507140
105372894
1610
101929473
101929497
105372897
266629
100128317
6514
101929538
133690
101928283
101928254
100506406
133688
55530
2566
101929653
101929637
431707
646522
219938
285641
101928333
339501
105377716
100874300
101927553
105375929
101927141
103352670
85508
27160
105371430
127247
100616421
100616438
100616426
100500802
574436
100616196
100616308
100302113
693188
100313838
100033423
100302201
100313774
100423016
100302209
100422918
693198
442903
100302255
100313914
100422868
100422830
100616152
100847018
100313886
100422902
693169
100616202
406950
693172
100847092
100847032
100500852
406908
100616433
100422983
100616288
100422880
100616290
100616492
693223
100302276
693204
100616192
574481
574483
407034
100616280
406931
574486
693139
100616300
100847069
100422824
100616410
100616189
100616170
406941
100616166
100616272
100616319
100422857
100847013
100616435
100033448
100422988
100616370
406913
100847004
406901
100616447
100616126
100422896
100422900
100423033
100616353
100500817
100616498
100847066
693209
442900
574455
100302193
100616493
100302186
574450
100616381
103504726
442899
100302286
693230
100847085
100422837
100616176
442915
494327
100302202
100616111
406930
693218
100616218
100616232
100302155
100616350
693122
494324
100616222
100422907
100616158
574463
664613
100616289
100169764
100302205
442914
100616213
100616206
100302235
100302225
100302130
619556
406881
100422959
100846992
406956
100423038
574509
100302175
100846999
100616268
100616476
100302277
406951
100033426
100423042
100033451
100302148
100616389
100033441
100616235
100616194
100422860
664617
693129
100500856
100313896
100126307
406990
100033421
767562
692214
574487
100500884
692229
100422916
100847043
100169766
100500803
100033453
100313938
100847019
100033458
100616455
100500836
574444
100500906
100302169
100033435
677814
6082
56662
677774
619564
100033442
100124539
100169759
100033810
574441
100616151
100379141
693203
407045
26831
574460
100126296
103504728
406929
100126343
100422934
100616120
100616174
442891
100500844
100616301
100036565
100302220
100847088
100616332
100616458
100169760
767566
100616423
574454
100422954
103504741
100616181
100422875
100302146
100423014
100423008
100847040
100616482
100616299
644634
729587
100996741
102723383
100616161
100847021
100616351
693160
100616486
693124
100616312
100616344
494329
100422989
100616428
724024
100616402
102466721
494326
100616337
693227
100313769
100423036
100616368
693229
406999
100422841
100616473
100423039
100033447
100500877
100422945
100847077
100302159
407020
574470
26786
724022
100126302
406961
100616285
100126306
693171
574506
100151684
693183
100126341
407033
100422847
406926
100616309
724025
100616422
100033424
100616432
100302208
100616449
26785
100616243
100846998
406989
693134
100500830
100033425
100126327
100422869
100616212
100500911
100422935
100616404
100847025
574484
406916
100616395
693159
767596
100847020
100616354
100616330
100616164
407030
100302163
100313772
100033419
619555
100846994
100847064
677829
100616172
693211
406960
100302121
406904
26779
100847030
100302118
100302204
100847048
100422943
26789
407029
100616123
406940
767564
100616148
100422962
100422948
692212
768218
100616249
100616363
574507
100302150
100422924
100422855
100616182
100847076
100423019
677801
100616247
100126345
100847057
100616401
100423041
693120
100616284
100616375
100846996
100616317
693135
407056
768219
767590
100616149
406949
100616266
100423000
100422889
100616436
26795
100422973
100187716
100169753
100616233
574457
100423013
100616229
442907
100616163
100422939
100422927
406909
100169767
693182
100302287
100422933
100422911
100422921
100033434
664614
100616427
100616491
574476
407002
693143
407035
767585
100500821
100616431
677816
100422893
406998
338433
100616252
100302219
768215
100302232
693152
406969
100033814
100169758
100847039
406918
100423001
677845
26807
693212
100422905
100847047
100846993
100847067
100847080
574458
100313824
100033437
692058
26835
100126340
407000
56664
442908
574442
494328
100313829
693184
574453
100616451
407054
100422922
100033413
100302256
100302229
100422980
101340250
100423030
101954276
693234
406983
100500901
100500801
693123
100422821
442911
100616331
100616391
100422914
100422876
100302228
767561
100616484
100302160
100616420
442893
100616183
100033812
100616425
407019
100169762
100422979
100500846
100302129
100302192
574497
693193
406915
693147
100422883
100616437
100847035
100422952
100302250
406890
574409
100616117
664612
100422884
100616474
406886
100302218
100500809
26829
100616144
100033603
100616399
100616255
693146
100847078
100847058
6084
101954275
100616114
100126317
767563
100873856
6079
100124534
26869
677833
100033806
100379250
693192
100616328
100126333
692108
100422823
26827
100302179
693202
100616205
768217
100616379
102465854
406966
100126313
100847027
574465
100423043
100616230
100847038
100036564
100423011
100302270
100313822
100616347
693127
100422987
100033818
100847050
406933
100616258
100126355
406921
100616481
100616125
100616145
100423020
100616380
100616488
100616323
100126319
319139
100313841
100313770
100302116
100616457
100616140
100033420
693200
26801
100422981
100847031
100616374
101954267
100616275
574413
100616135
100500910
100616271
100616195
406972
100302123
100616366
100033822
100422899
100616130
574461
100500811
574469
100500887
100422990
693154
574490
100302288
693156
100302140
100422858
100847033
100500903
692199
693180
100500839
100422931
100126342
100033813
100422984
574510
100422828
693148
100500917
100847056
100500891
100126337
100616339
100616475
693125
100422912
100616109
767608
442896
100302165
100847063
677794
554212
767588
100124538
767592
100033460
26812
767606
100422940
26864
100500919
26870
100302195
100422913
100169768
574488
100616168
100422996
100302268
100616298
100313830
100033804
100616471
693121
768212
6060
554213
100422938
100847010
692072
100302152
100616371
100302139
100302246
100616219
677849
100616441
100313921
100422957
100302153
677823
100423040
100126336
100126297
100302233
407052
100616154
100616405
100500871
594837
767582
100847006
100616407
100422975
100847036
100616390
693136
100616286
100616274
100422861
100847001
100616495
767579
100847093
100313839
574472
100846995
319103
100500878
26766
102466866
100500819
406978
677818
767600
100169765
693191
100313777
406919
100423029
768222
767594
100423012
595098
100313773
693228
100126330
100500826
100616283
100422867
94162
100500859
100126347
100847015
100616325
100422898
100422878
100302203
101954273
406917
100616386
100847086
574511
100422827
100422915
406911
442892
574485
100847059
100847007
100033811
100616321
100847053
100033414
574479
100033808
100500882
100302217
100616440
100500875
100422835
100423034
100616336
100616479
693168
100616294
100616352
100422826
102465833
100302177
100422908
693163
100616434
100616348
100616362
6086
100422887
406964
100302279
100500828
574445
100616269
442919
100302164
100126303
693177
406986
406958
100847062
724031
100616241
100616278
101340252
100422942
100616448
100616349
100126354
693165
693128
100302122
100126348
100422970
693190
100500893
406955
692209
406984
100422909
100847003
100847072
100313778
100616110
100500834
442897
100033440
406946
100500908
100422845
574452
100302283
100500864
407010
574499
574475
100302128
100422928
100616397
100616225
724029
100616356
677813
100616305
100422926
100616180
100500814
100302149
100500857
100422901
100616214
100313840
100126349
692226
100847054
100422947
100302161
100423015
100422843
26809
406973
100616133
767597
100616454
100313842
100302211
100302265
100616187
100302125
574491
100422862
100616295
100616341
100033446
100616138
407031
406912
407001
100033821
100126346
100124540
100500831
693142
100616127
100500866
100422966
100500890
100616116
100616377
407050
100422846
100422982
100616313
26767
100616302
100616147
574480
100126350
100616155
100847061
100422853
406903
494337
100033443
101954272
767612
693161
100616175
100616499
100302284
100126318
100124536
100302259
442895
100847017
100616246
100500870
406959
100422903
406987
100302223
100500898
100500915
574503
100422930
100033799
101954269
100033817
100423032
100616118
26871
100616311
100616215
677817
767610
768216
100302135
407046
767598
100500850
494330
100033456
693162
100616369
100302243
100422849
100169757
100616132
693170
767605
100616357
692206
100169751
406976
406939
574474
100616467
574496
407017
100422904
100847065
693133
100500883
100422992
407007
100113379
100500869
100616141
100126304
100847055
574447
100500889
100124535
406965
100302226
693214
100616220
100616360
100616359
100500905
100616264
100847002
100126316
100616456
574473
100313780
100616429
406885
767599
767565
574030
693233
574516
100302289
407028
100169763
406895
693210
442890
100188847
100500879
574493
406893
100422936
407011
100169761
100302117
100423021
100847082
100616373
677681
100302743
100616413
406892
100422951
100500816
100616333
100126301
100302124
692202
100847049
677841
100169755
692107
693225
767581
100423027
100616201
100033436
26787
56663
100500876
100302190
26791
406882
100422892
100616338
100616327
100616217
693195
494334
100616494
100616470
767593
100616277
100616490
100847071
442910
100616417
26796
100500812
677840
100126320
100033807
677827
100422874
442909
100422950
407023
100422891
100126335
693173
100302112
100500829
693164
100846991
100500900
100500885
407037
100033455
100847083
100616260
693187
574502
100616242
100302115
100616480
100422859
574517
100422864
100847023
693189
100313884
407042
100616245
100302158
100616261
100616322
100847060
619552
100616382
693186
406985
407044
100500822
693208
100033803
574508
100616121
100616489
100847022
100847016
406898
100302275
693219
574462
406891
100313835
100422944
574467
100302178
406963
100616208
100616227
406997
100616383
100422863
100422963
100616293
100616292
100616204
100302136
100379132
100500867
574518
100616306
406994
406957
407027
100616191
100422851
574498
100500886
574466
100847087
693130
100500863
574494
100616464
100616207
100302181
100847075
100616216
407036
100616465
100423017
100616236
406900
100500894
100500835
574515
100302141
574513
100033816
100302144
100302214
767609
26832
100124537
26813
554210
100616156
100169756
693194
100616262
100422953
767567
442905
693205
100422881
574410
767591
100033417
574459
692111
100422971
100422986
100423028
100847014
100302172
338427
100616267
100616472
724027
100847084
100616485
100423037
100423005
103504737
100616177
100313771
100422833
767595
100616171
100423023
406924
100033418
100422923
100616463
100302156
442901
100616160
26863
693174
100422917
100302126
692149
407055
494332
100616131
693151
100126310
693126
100033445
407053
574504
100847068
100126324
26810
574512
100616409
692210
100422871
100126331
692110
100422856
100169754
100422895
100500843
767569
100126308
406993
100500916
100422974
100423025
767604
100847029
100500896
100616318
574434
100033800
767568
729574
100033427
6085
574482
406944
100616384
406995
407041
100616129
100422949
100616178
100500899
100616210
693131
100500895
693176
100422888
677679
100616326
100302281
100422967
693178
406894
677831
677819
100033815
767578
100033809
100423026
100616186
100616304
100302157
100423006
574492
767583
692233
693167
594838
26817
100616365
100422873
100422972
100033805
406932
100500841
100616307
693144
338429
100616415
677780
407015
100302134
85391
100313895
724030
100133301
100033449
677765
100033428
100422866
100847089
693141
100616343
100302280
677820
100616224
100616179
100616239
100847028
100616244
574468
100302184
100616159
100616398
100847041
100500897
100847000
100033422
407039
100616478
100500909
100616253
100313923
100616165
574408
724026
100422829
100500813
442918
100616310
406945
100422965
693181
100616430
406954
100422848
693157
100616460
100302239
100500818
595099
406897
767589
100422850
406889
100033454
101954271
25826
677802
767611
767603
693137
664616
406943
100422925
406896
100423018
100126314
724023
677846
407014
100126309
100847051
554214
574505
574514
100500823
100033415
100616287
100500855
692075
407018
100422929
100616157
100422920
100616334
100616450
442912
100500881
723779
100302191
100302222
692092
100616188
693138
407016
574433
100616276
100616228
100033430
693132
406968
100616469
100422994
100126339
100126334
767577
100302147
406888
494323
100302114
100033801
107397392
26793
619562
100847024
100422852
693231
100616291
677773
693166
100500825
407032
692109
26808
