383
717
760
1071
1134
1586
1806
1811
2099
2492
2525
2528
2690
2731
2741
3075
3081
3293
3426
3753
3815
6445
3973
3990
4547
653361
5053
5158
5340
5961
6005
6338
6444
6514
7253
102724652
1409
3849
4758
5175
6528
7010
7068
359
462
1589
2006
2138
2266
101060233
2652
728458
5897
6439
6891
7252
7306
8200
963
3553
3557
6890
3569
5005
3684
124
125
126
127
130
148
216
240
495
496
623
781
919
1135
1142
1440
1557
1559
1562
1580
1583
1733
2056
2893
2897
2903
2911
2915
2977
3354
3358
3759
4883
4986
5139
5618
5743
491
408263
492
414061
55885
414059
414060
101060321
729873
255349
387707
415117
425054
53347
220965
100293534
721
387082
4635
340441
444882
5136
56159
340024
338599
255220
121275
392636
440590
57628
89766
284467
338596
391195
402135
390064
11262
448831
345557
343172
51179
1380
123722
80036
284434
246744
116729
4340
440955
401409
120114
344807
149699
338821
344387
400831
338645
10718
222584
282890
387638
389396
389643
389766
387357
138255
388701
200010
64109
440023
503497
388649
140456
392307
27086
51151
387273
200159
200232
389898
388199
442213
1428
29942
152404
154075
81793
3776
83698
114769
474382
7704
80122
143162
3176
79870
10659
23
143471
947
1066
440387
387733
284402
83478
339345
130106
118670
594855
51313
54437
79969
5648
7035
8942
23746
140733
30820
442117
64093
4897
374899
110599583
9718
245937
245910
503614
340267
344758
6340
654463
1804
219972
55423
4133
728957
401251
162972
654346
4295
153218
6326
8710
50859
84539
154215
2100
643394
50854
8001
344805
2066
133690
284194
654502
339965
6530
6531
401551
6947
7018
11170
7456
80742
255061
6941
7922
768206
54827
7080
129446
84125
1758
11155
135138
728215
92235
80731
285220
341392
344191
344657
388931
389257
643414
645432
646174
646480
646603
10990
9934
414325
55894
340359
140
146713
55024
10326
151888
284021
155006
401067
40
2857
259293
2841
3134
146556
10739
7917
26011
653567
374470
54674
115749
727940
56001
728343
138046
51156
254295
619373
152118
169834
347475
5999
131873
145814
196993
3910
9369
494551
54535
613227
146395
221545
123103
10804
25927
85477
6046
161357
165631
29760
3683
339967
3824
597
339453
2742
79981
91977
124975
127003
401335
644186
728464
729877
149461
100129128
3240
11136
5077
5521
29119
11005
1837
387718
23213
57088
8404
56884
6563
171024
132204
419
55531
254173
6364
26034
9843
7122
11027
2104
9806
389152
80059
51127
170954
51738
151531
79608
114132
114905
339834
9378
441864
8224
177
5349
11012
55786
838
2078
66000
254439
283238
100133093
643161
644054
64098
353299
136306
117154
93492
1616
23111
285679
1240
11213
54514
80309
1740
65217
84457
55089
2620
51557
54346
91851
161003
10886
163479
284485
4795
4589
401145
10086
441452
645027
100190949
100130361
100132994
104909134
1394
137835
221074
11309
9278
140873
744
284418
641455
2674
374973
402569
387694
7136
4312
81796
140807
158866
255928
390010
441234
124872
91181
55784
2321
4025
1268
81030
401387
84623
100130933
100141515
94122
1302
340273
8449
9277
399888
646019
653192
2719
799
64067
150696
11281
60495
4593
10164
4107
100131378
57113
9899
253559
57176
55811
375611
166752
3579
9180
27328
79849
347404
57758
84066
729025
3547
139221
285588
79861
80034
3769
7044
11189
11026
84671
91975
5460
55655
313
7920
9370
23743
57282
116441
79400
84077
56163
10471
1301
5173
6540
54829
221421
4208
79949
116369
23418
644100
116328
200150
2856
1842
196883
80031
79897
202658
151258
79740
4099
7918
146225
64078
84072
57151
57047
5126
6323
1395
780
658
534
9374
388512
9734
140578
9628
1527
147710
79689
5992
7173
84000
341880
51365
9971
8499
10320
834
3113
221692
100128496
100287898
8170
54848
7726
676
1644
9627
2001
3606
5553
51338
53942
5863
6775
3119
57631
3123
944
388533
720
25803
3933
59350
9033
343641
58504
962
84570
1118
55937
7639
84665
30813
64092
56341
2151
29986
285242
494470
11314
100287441
100287513
392197
79092
7404
158038
3004
115584
57569
57689
83697
8777
2823
1041
202134
2569
140690
219670
166824
5570
6257
58494
11270
2567
9832
728780
1826
10409
23090
6691
51751
117581
1179
1192
1258
1460
1485
246100
1521
1995
2515
2550
2797
2895
2968
2986
3617
3627
259
273
434
486
629
640
646
680
685
735
866
952
969
1000
1036
1084
1178
1288
1310
1358
1504
1803
1828
2165
2201
2204
2326
2331
2623
2740
3067
3078
3101
3109
3112
3115
3117
3127
3249
3270
3741
3780
3791
3904
3948
3963
653499
4050
4060
4145
4314
4319
4322
4438
4439
4477
4884
4974
5030
5089
5132
5266
5350
5375
5514
5539
5552
5602
5698
5800
5806
5918
5949
6015
6098
6280
6332
6335
6344
6361
6367
6372
6374
6375
6457
6518
6554
6588
6769
6846
6854
7069
7096
7201
7275
7455
8516
8547
8549
8590
8608
8707
8735
8748
8756
8807
9173
8839
8856
8870
8424
438
795
1417
1607
2016
5696
5948
8403
8859
9154
9248
9595
9630
407
417
683
1463
1755
2044
2191
2262
2591
2814
2888
4585
4855
5071
5288
7104
7916
7919
8825
8876
8972
9068
9104
9162
9228
9245
9312
9313
9348
9353
9389
9420
1612
100289462
1673
1794
1824
1880
5309
5542
5649
5913
6900
8995
9957
9976
2694
225
401
1672
2042
2794
2844
3303
3304
3834
266740
4101
4102
4151
4613
6373
6496
6887
7424
1797
3133
3167
3594
10082
10085
10136
10211
10242
4225
4277
4325
4588
6899
347853
8843
9951
9956
10344
3108
395
4745
5146
5156
5267
5407
6354
7070
7407
10468
10537
10554
10561
10563
10578
10586
10599
2124
3957
5987
10368
10686
10744
10753
10858
10875
10919
5950
7379
8685
10107
10930
5569
6048
6096
6499
6663
6694
11074
11122
7130
7634
7643
11330
22798
100528032
22914
23452
1133
200350
2299
23553
23547
26251
7837
23194
284366
26526
25834
27189
29947
29953
26531
23564
28954
28973
4969
28983
170679
170680
29113
11280
921
2568
6527
6534
7923
9508
10002
10863
11317
23584
23676
26998
27129
27190
27240
27255
27285
27290
27329
7772
29989
30834
30845
9656
55619
9758
9760
22986
22999
23040
25924
25928
26083
6869
51032
51059
100526835
51086
51378
7216
23671
51733
50805
51267
51778
51305
51309
51334
50831
50832
26280
51806
53632
55554
54739
54763
54831
54847
54873
54898
55130
55195
55314
55816
55821
55859
55365
53353
55507
55510
50604
27115
54212
54221
54714
7148
3122
43849
3118
56751
56832
56903
56914
56923
56925
57094
57054
53831
57111
57115
5101
57135
57055
57172
108
8074
56676
57343
57484
57554
57565
57626
5067
57633
57642
57709
366
8708
1442
1443
10637
1670
100653049
3885
30012
57830
420
348980
1600
6579
7373
10218
57819
57827
3238
58496
58530
56658
3781
59351
56521
79748
6992
8431
3126
56660
63895
63923
63928
63940
64101
79444
64168
6222
6293
3125
64805
64922
50838
64232
63973
79057
79170
79611
79747
79820
79935
79953
80008
80070
80099
80111
80117
23120
55888
80258
80310
80319
80352
80380
80704
80737
80741
64506
80863
80864
79370
81492
81578
81792
56138
56135
28316
59284
64902
83844
83878
83884
83887
56112
83987
56111
26025
56104
56102
84075
84189
84218
84251
84419
84436
84528
84624
84658
84659
84691
84698
9118
84871
84898
84985
83259
85300
89869
1082
93659
94115
85293
92483
92747
64478
89870
94235
10595
90134
85445
115111
92241
92949
112744
114786
116285
91074
117157
4253
118427
23460
91543
474381
83740
140767
140691
140870
118442
114571
137970
170591
129684
90139
131034
90199
83657
170712
7273
121256
168667
171169
130013
112609
90332
90523
117531
5314
122618
128153
131450
92737
137868
147323
168433
131890
92291
118932
128025
137872
137902
146279
54033
157310
168090
200403
221409
122011
127540
90589
122258
222545
83401
120400
121793
123624
127795
6913
132954
133688
145581
147685
149628
152940
158158
158521
159163
378951
160762
162387
169166
202559
220082
220164
223117
254122
256710
128414
169044
255631
222659
157753
170685
162282
256076
133121
164284
245806
266722
222537
203100
266812
200407
164237
282618
6892
80274
219681
825
128209
133482
139411
160298
2565
168975
220047
221472
222546
283310
146177
284099
284756
285025
285195
285533
285596
286046
255762
257194
286133
146310
158584
254240
285555
317772
1379
143425
337876
162998
284521
338322
4499
259296
93035
347731
253935
199974
340596
353135
391253
128602
128646
140902
160777
255239
338811
339855
353149
164781
286234
204219
140432
353189
3266
342372
219578
283150
221527
130813
150248
202500
222662
283471
285525
348932
221833
55515
119180
285335
345062
169355
378925
378807
119587
285852
57822
347148
349136
386617
386618
283298
284340
285180
285386
344905
347365
374955
201625
375519
386674
56165
375449
149998
375612
349334
7179
375759
387601
22891
377630
388394
161247
286343
403314
389376
26248
132946
7399
389336
254827
442721
283297
2298
112714
133923
145741
344148
388555
389208
389400
390664
155184
400823
401474
405754
401036
255189
284266
168002
10408
348645
5168
3175
335
443
948
959
1910
2645
4625
6247
6898
3375
6401
2147
6295
3565
4842
3577
552
1137
1392
1558
2560
2562
2913
2917
3360
5020
5740
5915
400935
431707
245911
259215
27303
440021
196335
341568
219956
151647
440068
101060211
102723631
441521
541465
387778
142910
388633
340543
388595
390667
400757
139425
57713
343637
345456
354
283461
391365
796
284654
116534
84867
79908
653140
282966
1667
728358
4337
199777
90161
389852
729201
100507170
255313
653282
728036
728042
728049
728062
728072
728075
728082
728090
728096
440279
441282
6688
389903
102723547
11006
56649
653404
6954
100008586
2579
26748
645073
387715
133874
55026
57526
374864
91584
8900
8626
643236
653427
83876
729447
199713
3977
57733
759
79931
2912
9079
6570
79698
284546
54715
85329
346007
390790
374462
375337
440854
400713
9437
360030
125336
8842
23562
89886
285231
202151
55282
3982
100131980
29951
1496
374897
122042
2898
7940
10878
167127
22866
126259
364
84690
92129
93986
388336
85004
5137
2357
642612
100507421
8715
163589
221476
72
416
10877
1576
56899
7092
22829
1769
160364
92292
859
728369
728373
728379
728393
728400
728405
728419
728386
54210
10345
160365
79679
9576
8644
83539
10803
1776
100127206
6660
143241
84332
4004
255324
56936
10203
2574
645037
197
346
635
660
763
1003
1295
1404
2252
2996
3698
3820
4142
4624
4626
4760
4829
5028
5651
5764
6279
6356
6456
7143
7177
7288
7293
7356
7472
8290
8521
8581
8633
8705
2070
3174
9340
2045
4685
7103
1770
1004
2662
1411
1448
1475
2861
9182
6999
10158
10223
10451
10647
10881
10665
10911
10351
8989
100101629
26749
729408
22953
23569
23627
23495
7224
27012
27178
29991
30814
9745
25770
25884
26032
26166
27112
50508
1007
51348
51284
51802
54810
55137
55203
55808
55843
56253
56302
4159
56776
60676
29999
57379
57415
57497
57717
57817
58475
58529
60385
2998
63951
64344
53836
64499
79626
79656
79839
79983
22899
50964
80831
83447
56169
63982
83639
83942
56100
84239
285175
84618
27198
144453
100288687
107987484
107987485
107987486
107987487
94086
114335
259232
114770
116159
116449
117194
26740
117286
128408
129025
140880
128488
433
81035
93426
128817
10887
27133
132851
144568
158326
143630
257629
118856
259240
121214
119467
132141
145942
146434
152405
245972
170392
200523
201780
219793
146852
124602
2849
93107
154197
285668
145264
256536
152330
887
338328
347741
339221
339976
340419
347730
342510
153201
341567
139422
220032
124460
338917
256380
84109
150572
339145
341032
347516
375323
387129
389610
389649
387700
344
229
2642
3857
6716
326
730
4049
722
916
1544
1555
2555
2572
2892
2940
3351
3676
4256
5319
5446
401535
414899
138803
312
390442
120775
143502
10630
93978
440822
4988
253017
387267
153918
22797
339977
2829
1117
375298
253012
5789
7367
7412
643834
392465
402117
643226
132203
4108
728269
645832
11105
8910
729528
129852
125931
219537
646658
164118
4808
117
729230
5733
2670
3274
344022
176
653598
181
10170
2833
117283
387804
133491
161931
65982
284
11279
83998
442319
54456
386746
286436
1909
64094
25975
343
10568
80736
2244
139065
139105
53336
8832
3071
100463289
100271846
63970
100506049
347411
100507679
63924
90865
340900
374900
8875
4308
407738
728276
100288520
166655
10942
55713
1501
2327
2646
336
912
1269
2128
2205
3111
3772
3821
4118
4680
4821
5024
6690
6847
6943
7434
8048
8537
9172
9046
2307
3779
5031
2255
5017
9514
4958
2660
2848
3681
3305
3846
6756
7903
10249
922
4490
4747
10551
9635
10993
6473
11197
22802
8302
26609
9752
9705
51050
51480
26290
56300
5008
57408
107
54207
2792
64240
79853
80739
80740
81285
81626
114900
83851
83873
83889
83893
84417
84701
3888
94027
113835
54102
113746
140683
135295
129868
146722
10747
151354
168391
202865
150677
121506
150280
150350
153643
167465
30010
254187
257062
145858
122402
161514
127670
91522
148753
285349
283659
283848
317701
124599
124857
79742
259292
111188157
66004
338442
653505
92086
219623
266743
338773
360203
341277
163351
203447
386677
386679
386682
283514
200008
341116
57188
399947
401138
55350
183
1311
3952
4634
5741
6557
5444
551
731
3578
6402
131
797
885
1816
2352
2899
2947
3359
5443
79290
440107
81392
390063
2358
91464
400735
494197
123876
126755
222642
340204
388585
284541
503582
503834
343069
613211
146862
145873
140453
6870
645104
388381
390748
154790
646424
8529
284417
653067
653220
654231
126668
9840
221938
84215
346562
126767
202374
22854
4068
100288801
4647
448835
6092
122183
729233
729240
729246
729250
5081
112885
7223
387890
59340
440956
399968
389161
727832
374860
54329
390616
56918
100132963
343035
119
728318
3662
83416
54768
127435
8973
4033
2253
123745
8854
844
146429
956
7594
645402
4063
144321
340205
2168
3316
1053
2359
3763
3886
5100
6037
388372
6351
6886
7053
7432
7712
8419
8484
9407
9450
429
460
2304
9381
9623
9211
9507
941
2865
3010
3050
9293
4496
4761
4951
5470
5475
6285
7200
11318
11341
23626
29124
29122
3811
29909
5222
6538
8749
25830
27288
50487
51725
53904
54979
54988
55237
55867
56062
10214
5988
8038
64111
23682
64881
64926
65121
66002
79746
81851
10117
83881
84676
6359
81697
63948
85479
90665
63036
83659
140597
142689
9502
90527
480
196740
138065
93517
57010
165140
80834
148811
260434
219770
126206
280658
126410
133558
147719
124912
219938
338785
161753
353131
113091
159963
120406
284805
343450
170692
203569
405753
5148
3284
4353
846
3043
3562
1814
2561
5241
163223
342897
135924
2328
2199
138881
90485
394263
4110
442247
441509
932
641654
55966
327657
7140
374569
389073
253314
348158
1462
5063
255027
51225
149281
259308
23439
1996
285641
259197
285941
85569
269
1524
5212
100329135
4057
940
474344
149373
100287178
26693
4892
80343
1369
3036
2219
6348
6366
6529
7101
8456
8929
9027
1038
1617
1903
2828
4081
8128
10316
6363
10716
10879
10991
11166
7732
11249
23436
26254
27177
27181
50939
51285
100506084
100996709
51326
23742
57381
57705
3018
58189
60437
64600
78986
80332
80816
83755
84432
84647
84700
89876
116135
117289
140679
128821
117579
170482
158800
246176
144423
149233
653808
147741
148581
220296
152756
27164
132625
326340
221823
128876
353164
203562
151449
9103
399967
2153
2158
2538
6696
1129
5406
283767
25891
339398
389118
442038
139067
494118
150297
4978
402381
5995
386653
6795
1791
448834
388551
254272
723961
6753
6707
100049587
729238
11326
89
714
114
729
6547
389114
729627
23784
84620
147658
339804
51705
100130274
339669
645142
728945
730262
115795
116519
121340
53828
651
100506243
90050
10941
574537
26279
2854
339
696
2994
4481
5568
6014
120776
9333
1048
10172
113457
7278
4762
6336
10876
7348
9506
26228
26525
3751
23519
51411
51237
55363
54360
50834
56244
57823
57824
7350
64174
64241
6614
50836
79097
79782
81551
56156
84870
653240
92304
114805
116379
116255
23704
140893
170627
80835
135644
192134
11041
166863
85509
134187
91133
155038
90167
10917
124626
389812
171483
3630
2214
1378
2350
2743
158835
127064
127665
653619
343070
149685
157855
1261
124535
389207
644168
114824
205147
4741
60675
100128124
147409
9499
642623
342346
246213
53919
283953
117245
340069
389434
9452
3055
404203
942
3760
1444
2167
1044
1990
1991
2626
3884
3906
4360
5068
5957
6403
8433
6327
2835
5450
10800
11172
158131
9708
50506
3645
27306
114902
4622
3250
58498
6785
64816
79190
79750
79776
83552
56108
8600
140628
142683
170589
126326
122665
151871
123970
148741
122876
90362
27231
374454
162540
144124
123264
168400
339906
375567
374739
137797
283600
353238
189
415
5449
6622
7276
2978
6010
1234
185
786
5617
390443
343413
144125
441308
196541
391002
390992
389549
158830
27253
125704
6751
441581
10407
653423
148930
122706
646643
174
8328
9058
100505753
5178
23619
2018
139212
169026
84824
84282
256223
608
100132396
27180
2587
361
6822
7141
121504
554313
8294
8359
8360
8361
8362
8363
8364
8365
8366
8367
8368
8370
8852
399
10050
3702
9362
5078
27233
10880
11131
27023
4993
23520
30832
9671
26103
51481
56269
3543
26507
83483
56141
170572
154150
131177
130560
157848
283985
286530
254910
147183
346673
342926
344658
4336
339168
120892
158062
374768
390212
270
3859
1641
1812
392391
389421
341276
127391
64711
441525
57471
253582
158833
613210
93377
54511
758
390874
56934
391475
120425
728299
643418
8653
89822
729993
644844
9071
6866
23544
862
10752
6258
645836
392188
5545
2249
4115
4321
6278
1260
1668
4223
10690
4992
23732
7827
54518
57502
63974
10395
56147
84648
84735
55998
115352
140732
142685
139081
126364
160419
168417
286514
337878
388021
