79501
26683
729759
81399
343066
391002
441871
653619
343070
653606
343068
343071
729528
645414
391004
23436
127540
81025
81888
112970
200132
100526835
51086
127247
276
277
278
728833
653598
728945
730262
645142
103091866
644634
121504
554313
8294
8359
8360
8361
8362
8363
8364
8365
8366
8367
8368
8370
126961
333932
653604
723790
8337
126637
353145
84648
353144
353143
353141
353140
353131
448835
163778
6707
6699
6701
149018
100527963
910
391107
391109
343406
391112
128367
81448
81442
26476
3080
653659
729533
653464
647135
10638
81470
127062
391196
127066
127074
401992
343173
401993
391211
343563
127068
127069
127077
403244
403239
114131
100532731
100133093
643161
644054
2658
267004
282966
340654
50624
100288687
107987484
107987485
107987486
107987487
147199
653486
440021
439915
723961
3630
143501
390038
256892
119694
401665
119687
81282
79324
401667
119679
23538
283111
3043
3045
3047
445372
120796
796
100528017
57084
100500938
2488
119765
119749
81328
81309
219428
219429
81300
219431
390142
219436
219437
26338
390148
338674
219447
120586
390151
390152
81168
219453
282775
219464
390154
390155
219469
219473
390157
219477
219417
219479
390162
219482
219484
390167
219493
390174
504191
283189
390181
219952
219954
219958
219959
219960
81341
219965
441608
390190
390195
219981
219982
219986
390199
219990
643834
643847
10648
10647
283238
29907
100526737
440051
100532726
390231
399939
729384
91894
644672
100533181
114902
83552
390260
338661
338662
390264
219870
219869
390265
26595
390271
283162
26493
219858
390275
641654
339
118430
441639
390323
403284
341418
121129
4617
100528030
386653
219409
646625
122183
729233
729240
729246
729250
267012
390431
79544
122740
390436
390439
493901
341799
26686
27141
2999
100529257
8788
100287399
100996331
283767
100528021
145873
100526783
100529144
7142
642778
642799
101059938
101059953
348158
728689
552900
654483
548593
79008
445329
6818
146378
102723655
102723713
102724101
102724127
24150
653550
729264
729355
123970
388276
84560
374739
100529251
8387
8392
8388
407977
1973
100533496
6357
6359
6358
6368
414062
6349
388372
9560
729877
84218
101060321
414060
729873
353288
342574
728255
81850
85289
85290
83899
83901
85280
81870
100507608
100505724
100505753
100506084
100996709
51326
100506650
124538
1442
1443
100134934
1018
339291
100526842
220158
81099
653656
125962
692312
26333
26658
126370
26532
2657
148003
53916
1087
346
344
100529240
3804
3805
3811
3812
100132285
3803
3813
57292
3810
3808
130106
11036
100302652
5342
5343
2168
729540
84220
100288695
96626
727851
653275
9936
100529241
1418
7141
3577
130560
54657
54659
54578
54658
51052
245938
245939
140881
400830
128646
140836
10047
140732
128859
128861
51297
100527943
10816
85318
85317
85316
100288966
317754
9073
100131902
643812
337963
140258
337960
386677
386681
353333
386678
386684
386683
353332
81061
23617
2812
150221
440804
4282
2953
653689
553158
100526693
100526772
57408
100288801
403274
26339
84666
7401
53829
344752
152118
100505385
6476
200909
6750
100287441
100287364
100287178
100287478
100287205
100287327
100287404
100287513
728369
728373
728379
728393
728400
728405
728419
728386
6691
28983
7365
79799
26952
5197
5196
84992
100996939
124
125
53842
728492
8293
6606
6607
134288
100302736
94033
7478
134083
8369
8350
8351
8352
8353
8354
8355
8356
8357
8358
8968
2880
114821
282890
26692
442184
26707
442191
81696
81797
26529
26531
442194
26716
116511
10537
7932
346171
3135
11074
135644
10107
89870
56658
3133
28973
79969
389376
394263
401250
4050
7940
259197
199
55937
58496
80741
7920
259215
58530
80740
4439
401251
7936
6499
100293534
721
720
1589
9374
80864
6048
10665
56244
3118
3120
5698
3109
3113
1302
7922
7923
6015
6293
8705
10471
5863
51596
100529239
83795
9436
245928
245927
245913
245915
84694
9038
3125
3126
100533952
222967
728194
100534592
11055
389524
375593
378108
4951
101927655
100310812
441273
154907
50833
6677
767558
136319
5645
5304
340307
135948
26211
135946
393046
392138
442361
135941
346528
402317
401427
202865
168537
55303
100527949
3361
441308
1669
1667
728358
1668
645402
100289462
1673
414325
55894
140596
503618
245909
503841
245908
504180
245910
503614
100131608
100133251
100132396
392188
645836
137814
2515
646480
157724
100861412
25788
441381
3441
3444
3446
3451
3443
3439
3447
3440
100129669
727905
26165
441430
441425
349334
84210
100499483
138804
138803
138802
138799
392376
286362
552891
254973
2219
158062
286530
8227
438
207063
53940
389852
729201
548313
6759
645051
100101629
26749
729408
2574
645037
2543
2576
2577
100008586
2579
26748
645073
729428
100132399
729422
729431
729442
2578
728239
81557
9502
653067
653220
6757
727837
100130361
100132994
63947
728656
1046
389874
100996648
56001
728343
158983
727940
84528
643311
100507170
255313
653282
728036
728042
728049
728062
728072
728075
728082
728090
728096
102723680
102723737
728911
101060211
441521
541465
102723631
441519
347487
30014
728712
64663
100129239
100133053
4108
728269
100130086
100506164
266740
4101
101060233
2652
728458
1485
246100
474381
83740
474382
474383
474384
8263
10251
6845
3581
6736
64591
266
728395
728403
100289087
728137
7258
353513
9084
353515
9082
203611
9426
159119
86614
140032
378948
378949
5940
378950
442862
9081
159163
378951
442867
442868
9083
1617
57135
57055
57054
253175
9085
