1
29974
2
144568
53947
51146
13
344752
126767
343066
22848
15
132949
9625
19
10349
26154
154664
24
23461
23460
10347
10351
10350
5243
8647
5244
340273
85320
94160
1244
8714
6833
10060
225
9619
9429
64137
64240
64241
84696
145447
84945
51225
25890
84448
22885
28
137735
32
33
176
9744
23527
414149
9311
84680
390110
59272
125981
340485
130013
26027
134526
122970
641372
55289
54
55
49
84519
56
23205
81616
23305
116285
123876
348158
6296
341392
54988
79611
345651
70
72
51412
10881
10880
81569
284382
88
89
139741
140625
130399
92
93
94
91703
132612
161931
161823
4185
8038
8749
8728
2515
8748
8747
53616
8745
10863
11086
11085
203102
80332
8756
101
27299
9510
81794
81792
11093
140766
170689
170690
170691
170692
171019
9509
80070
9508
9507
11096
11174
11173
11095
56999
9719
57188
54507
55803
105
107
55811
108
196883
111
114
116
117
119
120
124
125
126
127
130
131
137872
149685
9370
79924
135
140
141
148
147
146
150
151
153
154
155
157
122622
165
121536
134265
84632
2334
3899
173
174
119385
116986
123624
79841
340351
84871
178
392636
56895
10551
155465
181
183
185
186
189
64902
113146
196
57491
197
51327
57379
199
150209
9447
23746
326
55966
26289
122481
158067
11215
158798
10566
8852
9495
9472
9465
10142
254268
231
57016
441282
1645
1646
8644
1109
6718
83592
10000
212
213
216
8854
220
10840
160428
218
221
64577
229
84920
144245
644974
29929
238
55821
7840
239
242
246
247
240
241
248
115701
57538
249
250
130540
79800
8092
257
60529
23600
258
259
144193
265
266
268
269
120425
347902
9949
81693
196394
154796
154810
270
273
275
401138
276
277
278
279
280
155185
284
285
51378
9068
23452
27329
253935
83854
10218
286
287
288
150709
348094
728780
162282
255239
126549
51281
27063
23253
253650
26287
84210
441430
441425
728747
118932
170961
22852
147463
91074
374860
256006
84250
341405
651746
340120
390616
148741
57730
338699
91526
339416
57182
79998
79722
22881
140731
342850
100131244
56311
56899
257629
389161
55107
57101
63982
121601
203859
57719
338440
23520
23519
290
84168
195977
93550
11199
312
306
653145
728113
8416
313
8639
130340
8120
23431
317
320
321
54518
323
324
10297
147495
164284
325
200558
187
335
336
116519
338
339
10930
60489
164668
403314
55911
344
345
346
347
348
319
350
8542
80833
80832
80831
80830
81575
139322
358
89872
282679
375318
653437
359
360
361
362
363
364
343
366
367
116984
23237
374
383
503582
55843
93663
57569
57636
83478
9938
23092
9411
257106
115703
158763
393
143872
394
395
23779
64333
397
398
22899
115557
26084
100271715
389337
54848
50649
9459
138715
5926
51742
84159
285598
115761
392509
200894
80117
54622
100506084
100996709
51326
10123
379
390790
84100
84071
219681
55130
51309
9823
100131755
387715
10777
407
91947
645432
415
416
22901
347527
340075
153642
417
419
420
116969
9048
170302
57412
56624
136371
140456
142689
142686
142685
92591
127247
401036
51676
51666
140458
140462
429
430
56676
121549
433
55870
434
438
443
554235
374569
259266
54829
151516
80150
431705
460
80816
136991
54454
79915
85300
80063
83734
84938
285973
51062
64919
474
220202
84913
57194
23120
57205
286410
479
84239
344905
477
480
482
23439
487
489
490
491
492
493
9914
495
496
92270
50617
245972
155066
525
245973
534
127124
538
540
10396
51761
5205
57198
148229
79895
26033
546
6310
4287
92552
6795
10677
551
552
553
554
158833
158835
126859
8313
563
566
8708
8707
8705
10317
135152
10331
79369
192134
11041
93010
374907
2583
124872
79870
570
60468
80115
8938
140836
55024
580
56751
343472
56033
8538
10409
10538
116071
29994
8424
79738
166379
129880
8537
586
590
53335
10017
79370
440603
255877
83875
623
624
627
55814
146227
139105
389206
79656
221336
7439
54831
266675
55859
84707
56271
8419
633
727857
80823
27319
128408
79365
635
23743
80114
51411
330
79444
112401
414899
640
29760
90427
27302
9210
650
651
652
653
654
655
353500
656
168667
658
659
660
646
54796
664
149428
91653
51027
66037
671
51297
140683
128861
92747
80341
359710
149954
128859
254240
442867
442868
9083
675
676
83990
84312
680
254065
8927
7809
100131137
54836
683
390259
121551
118663
388419
643376
149478
284697
23285
685
686
54766
695
151888
696
56244
10917
79908
11149
9256
414152
221060
387638
55088
399814
387718
220979
219793
282966
414236
414157
256815
143379
80007
118611
79946
56673
29125
143501
160298
283171
219833
91894
341032
160140
220004
85016
254439
399947
399949
143678
387763
283461
374470
160419
121273
115749
144608
144577
728858
338809
55195
56967
283598
283579
400258
122525
145407
145858
84419
400359
644809
643338
89927
123775
388289
283897
57020
146562
123970
162083
388284
146556
646174
146378
342346
400591
100130311
284083
146853
124773
339210
146723
284099
388407
388381
100141515
374864
644041
147685
79173
646457
55150
342918
200159
92346
148345
400757
388649
93190
128346
284498
284546
388701
127003
149466
400793
388759
79630
10485
127795
51430
84970
712
713
714
10882
165257
389941
338761
114898
114899
114900
114904
114905
390664
338872
387911
715
716
717
140699
128653
128864
140873
25943
284756
400831
284805
128602
54058
56245
150248
25775
25770
348645
150297
145741
388125
100191040
150590
84226
29798
408029
84417
348738
130813
79919
401027
339778
129852
339804
388960
389073
56918
84281
718
719
57415
84077
152065
152405
51066
80111
285311
205428
200844
285382
152118
401097
720
721
100293534
722
725
84103
55286
132989
152940
441054
646603
727
728
375444
389336
133491
134121
100190949
133874
285679
401207
285668
729
10665
168090
222826
29113
221424
206412
387104
404220
387119
389384
221416
80739
100130967
730
10842
202865
136288
402573
401335
154907
80099
285941
731
732
733
116328
157657
56260
157773
203076
441376
389649
735
138724
138255
401563
401546
389766
158055
401535
257169
286223
375759
138240
157927
157983
759
56934
23632
761
762
763
11238
765
766
767
768
9478
51475
57010
56344
164633
85438
26256
57685
773
774
775
776
777
778
8913
8912
8911
779
781
9254
55799
93589
783
785
786
10369
10368
27092
27091
59285
59284
59283
253559
57863
8618
93664
285782
793
796
797
799
10203
800
255022
51063
119395
810
51806
163688
83698
125972
50632
57172
815
816
814
79012
820
23066
11131
147968
92291
440854
827
388743
10753
84290
828
84698
133690
93661
84433
79092
114769
440068
59082
64170
57571
9607
55259
8573
57524
834
843
100506742
23581
838
9994
844
845
846
57091
54897
117144
117155
347732
378807
79820
57828
858
859
23624
869
147381
643866
140689
102724560
875
646019
387707
147372
1238
79839
126402
29903
256309
29070
93233
164592
90060
79635
160857
90693
152206
165055
151278
285025
9720
339184
57639
130940
80071
284992
115948
100129792
283152
645811
147872
550631
339965
347475
100130274
728591
149483
343099
148870
83643
728621
80125
339834
120935
339829
55036
146849
84692
160777
84660
160762
85478
80323
79741
83446
493860
83987
151887
60494
220047
114800
55231
220388
257236
881
885
886
887
6346
6356
6357
6358
6359
6360
6361
6362
6363
6347
6364
6366
6367
6368
6369
6370
10344
10850
56477
6348
414062
6349
388372
6351
9560
6352
6354
6355
8900
85417
645121
9738
9236
1230
729230
1232
1233
1234
1235
1236
1237
10803
10693
150160
9398
135228
929
11126
9332
388611
57126
4064
930
909
910
911
912
913
914
4345
131450
344807
50489
30835
933
10666
51744
919
57124
939
940
11314
10871
342510
124599
100131439
146722
146894
9936
945
947
948
951
952
915
916
917
920
959
962
921
1043
963
922
923
969
924
970
971
972
973
974
941
8832
942
925
926
22918
10225
978
8556
166979
55561
10602
157313
200008
999
1008
1009
1010
1012
1013
1014
1015
1016
28513
1000
28316
64405
64072
60437
1001
1002
1003
1004
1005
1006
1007
92211
54825
222256
389118
53841
5218
65061
23097
8941
1021
8999
51265
344387
6792
1029
441549
1036
50937
1038
374286
146822
256223
1040
1041
1044
1046
253175
9085
203611
9426
124359
634
388551
125931
90273
1084
1089
1048
4680
1087
1088
1053
27443
1056
1990
63036
51032
10136
23436
10659
11189
56853
60680
9620
1951
51286
1062
2491
201134
145508
9662
22995
9859
84984
55125
9857
285753
80254
79598
9350
375298
10715
2657
204219
79603
1066
283848
221223
1068
1071
629
55997
653275
3075
3078
3080
10878
10877
81494
3426
5199
1080
1081
114335
114336
1082
93659
94115
94027
57530
84952
9023
1101
150356
1103
26038
80205
55743
1113
1114
1116
1117
27159
53344
1118
10752
1122
1123
1124
140578
63928
8646
91851
25884
1128
1129
1131
1132
1133
1134
57053
1135
1136
1137
8973
55584
1141
1142
1143
1144
1145
1146
8534
9486
50515
166012
9435
9469
10164
23563
4166
56548
64377
83539
337876
117286
130106
1149
63924
4261
8483
148113
150468
100529251
1158
1160
23122
1178
1179
9635
22802
1180
1183
1184
1187
1188
9076
9071
5010
23562
10686
26285
51208
149461
9075
49861
53842
137075
100132463
644672
1365
1364
7122
9074
1366
9073
9080
125875
10462
160364
387837
161198
388512
348174
497190
283971
728276
51267
51266
387836
154790
10143
7123
50856
170482
338339
26253
165530
339390
10332
23601
93978
64581
283420
160365
1047
1193
9022
53405
54102
25999
79745
574016
79789
79827
116449
9575
1208
7401
645104
119467
64084
27098
157807
134829
171425
1215
1240
129607
146225
116173
202333
168975
84735
1259
1260
1261
1262
1258
54714
254263
149111
10256
22866
154043
1264
26507
285888
1268
1269
25927
124817
79935
1270
1271
54875
1272
6900
5067
152330
53942
27255
26047
79937
728577
85445
129684
22837
1690
1300
1301
1302
1303
1305
7373
1306
1307
1308
1310
1277
1278
57642
81578
169044
91522
255631
84570
340267
1280
1281
1282
1284
1285
1286
1287
1288
1289
1290
50509
1292
1293
256076
131873
1294
1295
1296
1297
1298
10584
78989
81035
8292
1311
10699
7464
84940
100529144
84701
1339
125965
1346
170712
341947
1356
1357
1358
1359
51200
93979
57094
1360
1361
1363
64506
132864
22849
80315
10814
594855
339302
1368
1369
1370
131034
57699
9362
144402
151835
130749
1373
642843
53336
56265
119587
1378
1379
1380
1381
23418
286204
92359
54544
90993
84699
200407
1392
1393
104909134
1394
1395
1396
401262
285464
167
7180
10321
83690
83716
64109
49860
54677
1401
55118
56253
1406
102724652
1409
1410
1411
1412
1413
1414
1417
131544
1418
1419
1420
1421
155051
51380
158511
389903
102723547
27254
1436
1437
1438
1439
1440
1441
55790
1442
1443
1444
64478
114784
114788
1446
1447
1448
122011
1464
10675
80034
8048
1469
140880
1470
1472
1473
1474
8530
10047
128822
128821
1475
128817
541466
102723680
102723737
728911
441519
101060211
102723631
441521
541465
100507170
255313
653282
728036
728042
728049
728062
728072
728075
728082
728090
728096
643311
196993
1485
246100
30848
64693
100128553
100142659
643854
140690
51496
1489
115908
1493
1496
29119
1501
1504
440387
11330
1506
1510
8722
1511
1513
1515
1519
1520
1521
83992
399697
613212
8029
23316
50624
80157
6376
1524
1525
2919
3627
6373
6387
10563
9547
284340
2921
6374
6372
4283
3577
3579
2833
7852
643
10663
80231
79742
159013
100130361
100132994
100129239
100133053
254158
158830
347487
340602
80319
51700
1536
79901
114757
1538
1539
1583
1584
1585
1586
1588
1543
1544
1545
1589
1591
1592
56603
340665
1593
339761
1553
1548
1549
1555
1562
1557
1558
1559
1565
107987478
107987479
1572
1573
29785
113612
54905
51302
1576
64816
1577
100861540
1551
10858
1579
284541
1580
57834
66002
8529
126410
4051
11283
260293
199974
1581
9420
1582
192668
10800
57105
27128
9595
54360
116159
27065
23002
23500
1600
1601
1602
117154
51339
168002
199699
1610
267012
23604
92196
27071
1617
57055
57054
57135
1618
1621
1629
120237
440097
139170
340578
80067
285429
138009
139425
1630
117159
341019
51473
149069
8642
54798
9201
85443
1634
167227
149095
127579
1638
1641
1644
414301
84301
115265
8528
4921
29118
8653
54514
55510
168400
23586
55601
91351
50514
1667
728358
1668
1669
1670
1671
1672
414325
55894
140596
503618
245908
504180
245909
503841
245910
503614
245911
245913
245915
245927
245928
245929
245930
117285
245932
245934
245936
245937
245938
81623
140850
245939
140881
400830
403339
613211
613209
613210
100289462
1673
123099
163486
79958
27147
163259
79961
22898
55667
160518
120863
91614
64798
91319
1674
1687
347516
1607
8526
160851
139189
27294
50846
10202
9249
201140
10170
79132
1733
1734
1735
148252
54769
9077
116093
27185
84976
85455
85458
22943
27123
27122
27121
27120
9940
220107
1740
9229
9228
58512
8788
65989
10683
54567
1746
1747
1748
1749
1750
1755
127343
11144
1756
29958
1758
1761
58524
63951
63948
63947
728656
63946
1657
23312
1763
123872
25981
196385
8701
201625
8632
146754
55567
1767
1768
56171
1769
1770
27019
64446
374407
79982
414061
11080
150353
165721
29103
552891
51277
54943
85479
285126
9829
83544
7802
1773
1775
1776
58511
92737
144132
26052
29947
1791
55619
139818
1794
1795
9732
81704
23348
9046
55816
220164
285489
23033
1800
64174
64180
8110
57628
1803
1804
54878
151871
359787
55211
340168
503834
1805
283417
147991
1806
1807
1809
10570
56896
165545
1812
1813
1814
1815
1816
644168
1821
1823
1824
1825
1826
57453
29940
92126
1828
1830
147409
1832
1834
667
401124
1837
285605
1840
196403
53905
50506
90527
405753
338599
11221
51207
128853
150290
142679
63904
78986
92235
1846
1852
100288687
107987484
107987485
107987486
107987487
26581
26584
503835
143241
84332
1780
79659
83657
9149
8291
391475
161582
22873
9666
79733
1879
64641
253738
57593
10148
340900
55096
9427
79746
1842
641700
345930
1896
60401
10913
10876
64184
80267
10085
1906
1907
1908
1909
1910
8411
1917
80820
79645
146779
374786
64800
388795
285588
2202
30008
151651
114327
80258
80303
1943
1946
1949
22979
10278
1950
25975
133584
112399
1959
1961
30845
26298
1962
493861
9086
9451
253314
317649
1991
1993
1995
1996
1999
2001
392617
114794
80237
9844
55531
255520
2006
54898
83401
6785
60481
79993
64100
133418
51705
11117
84034
90187
2009
161436
400954
30817
84658
2016
2018
2019
2020
55740
10117
23052
8909
2022
219670
387712
55068
2028
5167
5168
5169
22875
59084
133121
339221
150350
956
957
377841
8320
2034
23136
57669
2038
54749
255324
2041
284656
2042
2043
2044
285220
2045
2046
2047
2049
2051
79852
7957
9852
55040
2056
83481
2059
64787
79574
94240
8288
1833
3266
2066
26059
2072
2074
2069
2078
112479
114625
57471
79956
2081
10595
121506
2086
405754
100288413
147664
100271846
30816
90952
157570
11082
83715
339768
2099
2100
54845
2103
2104
80712
83850
54465
55224
2115
2116
440695
51513
132884
2123
2124
7813
51466
645027
2128
344191
161829
54932
283849
90332
91828
149371
23086
2134
2138
2139
2070
346007
2159
2160
2162
2165
2147
2149
2150
2151
9002
2152
2153
2155
2158
79152
158584
2168
646486
2169
2170
2167
2172
2173
646480
3992
283985
23017
284611
54491
80039
100129396
11170
90362
642273
91523
150864
159091
220108
79843
84668
285172
116496
199786
348487
286499
57579
51059
220965
25854
317662
338094
167555
285596
202134
728215
27112
729830
57700
84140
145483
221303
148753
642968
401565
730112
83648
84734
283777
340069
170370
165215
83989
400823
51252
23116
389558
399888
90050
220382
440585
79632
27146
121006
84070
148109
23359
9413
729085
51313
407738
338811
284467
151647
25817
259308
54757
56975
118670
100133093
643161
644054
54097
131177
163933
158724
170062
442444
100129583
100631383
81553
26240
83723
388650
125704
149647
153745
196472
161142
112703
284418
84691
346653
729533
653820
728833
374986
199870
143684
145773
153643
84985
222584
128876
54854
151354
55138
339145
171482
171483
171484
2187
57697
92565
2191
356
2196
120114
79633
89885
54751
2192
2199
10516
129804
2200
2201
84467
2203
8789
222235
64839
25827
283807
23194
55336
201456
157574
115290
26232
26261
126433
130888
162517
51725
286151
494188
554251
10517
285231
26259
83953
2204
2205
2207
2208
8857
2209
2210
2212
2213
9103
2214
2215
2217
115548
2219
2220
8547
115350
79368
115352
83417
83416
343413
84824
127943
56929
2241
90342
654463
222894
10979
83706
2242
26998
54738
9638
389549
55079
2864
2867
2865
2243
2244
221472
89846
121512
152273
55785
2246
2255
2257
2258
2259
8823
8817
9965
2247
26281
26291
27006
8074
2248
2249
2250
2251
2252
2253
2254
9982
83888
2263
2266
2267
10875
2268
114827
85462
2273
9457
80206
84929
387758
344018
55137
401720
27145
11259
161247
2281
8468
51661
2312
388698
2313
2318
23769
23768
23767
2321
2322
2324
55640
342184
56776
752
2326
2327
2328
2329
2330
2331
158521
2335
23048
84624
252995
163479
408263
57600
2346
219595
2348
2350
2352
3170
3171
27023
442425
2296
2303
2306
27022
2298
200350
286380
349334
653427
653404
2304
2301
2294
2295
2290
8928
2299
399823
344167
2302
2300
668
8456
1112
121643
2308
93986
50943
94234
283150
139628
2307
8790
100526835
2357
2358
2359
80144
158326
341640
166752
448831
441581
100288801
2444
79981
257019
23150
84978
90167
22844
143162
84443
9758
391059
10818
10129
285527
2487
84075
25794
29999
79187
83856
123722
2488
2492
161835
401024
10468
11167
23105
56884
10841
53940
94033
2524
2525
2527
2528
2529
10690
80199
486
5349
53828
53826
100533181
53822
8321
11211
7976
8322
8325
8326
55632
2538
57818
2549
139716
128954
9568
2551
2554
2555
2556
2557
2558
2559
2560
2561
2562
2563
2564
2565
2566
2567
2568
55879
2569
2570
200959
2572
339896
2543
100132399
729422
729428
729431
100008586
2579
26748
645073
729442
645051
729447
2574
645037
100101629
26749
729408
9514
64090
89792
79690
2581
114805
79623
2591
100528030
8693
11227
26290
50614
168391
442117
85569
2587
8811
8484
2593
8139
2595
26330
202309
84253
2619
2620
246176
8522
2520
2623
2624
2625
140628
2627
2628
57733
26301
2633
2634
115361
115362
163351
388646
2636
2637
2638
25801
9648
2641
2642
2645
2646
8521
9247
2650
2651
9245
51301
140687
145781
9615
54332
78997
2662
2658
9573
8200
392255
151449
2661
2668
54857
220032
348654
2670
8328
2674
2675
2676
64096
389400
199720
2687
124975
2686
92086
91227
2688
2689
2690
2691
2692
51738
2693
2694
170575
100527949
26157
55303
55340
474344
168537
155038
54826
2695
54810
126326
2696
2697
84694
2700
2701
2702
2703
81025
2705
2706
2707
127534
2709
10804
375519
10052
57165
349149
57369
219770
2712
256356
56287
200504
79411
112937
113263
26035
2731
342035
2735
2736
2737
256710
144321
152007
148979
169792
392465
2740
9340
2741
2742
8001
441509
2743
144423
23127
360203
83468
10249
92292
219970
389396
9535
2765
647309
9630
2770
2775
2779
2780
346562
59345
2791
51764
54331
2785
2786
2788
94235
2792
2793
10578
27232
2796
2797
2798
342096
55889
653641
653643
283767
647042
283685
727832
440295
401647
728498
653073
127845
137362
2811
2813
2814
51206
2815
10223
57678
150763
151306
221914
2719
2262
2819
2852
170589
122876
338328
2822
2823
2824
10457
2825
83550
266977
139760
2835
25960
29933
64582
283554
124274
353345
350383
4935
344561
344758
2838
285601
134391
390212
151556
165829
80045
57512
26996
2840
29909
54328
84636
11245
440435
2841
160897
11318
1880
2842
2843
2844
2845
2848
2849
2850
2853
2854
2856
2857
2859
2861
9283
2863
2828
11250
9248
9293
9290
9289
2830
83873
118442
81491
10149
8477
8111
10936
100302652
27201
27197
10888
53831
54329
53836
54112
84059
9737
100528062
114928
51704
55890
55507
222545
9721
285513
29899
63940
2875
2877
2878
2880
257202
2882
57476
54762
10750
400581
9402
160622
2888
2886
9687
80000
26585
64388
29841
79977
57822
2890
2891
2892
2893
2894
2895
392862
2897
2898
2899
2900
2901
2902
2903
2904
2905
116443
116444
23426
80852
6011
2868
131890
2911
2912
2913
2914
2915
2916
2917
2918
2922
221044
389207
643226
145258
2928
284110
56169
83445
146395
2938
2939
2940
221357
79807
219409
170825
79712
11036
84163
389524
121355
149699
2978
2979
9626
2980
2981
2977
2984
3000
2986
51454
727936
8908
2993
2994
2995
2996
2998
3001
3002
2999
3003
3004
341567
132243
474382
474381
83740
55766
286436
158983
23498
3026
57531
3034
57817
9421
9464
54363
51179
9001
1404
60484
145864
404037
3036
3038
79441
26762
84868
3039
3040
3043
3045
3047
3048
3042
3049
3050
27198
338442
8843
29915
285834
3055
3059
348980
610
57657
10021
3060
3061
3062
10870
9759
3067
154150
50810
139324
399671
25938
133558
143279
23072
57520
92797
391723
9931
55363
113802
220296
253012
9843
341208
641654
8925
51191
54626
390992
388585
8820
23493
26508
148738
164045
100128124
3081
3083
55733
57467
3087
64399
84439
79802
10086
11148
64344
51751
613227
147746
3024
3009
3007
3010
221613
3012
8335
3013
8329
8330
8332
8336
8969
255626
3018
3017
8339
8343
8344
8346
8347
8340
8342
8350
8351
8352
8353
8354
8355
8356
8357
8358
8968
121504
554313
8294
8359
8360
8361
8362
8363
8364
8365
8366
8367
8368
8370
8369
317772
440689
126961
333932
653604
128312
8290
3096
59269
3101
80201
3108
3109
3111
3112
3113
3115
3117
3118
3119
3120
3122
3123
3127
3131
6596
3142
79618
83872
127540
54511
3158
57824
3161
3166
3167
340784
6927
6928
3172
3174
3176
112817
9456
9455
51361
84376
84525
84072
150280
3198
3209
3199
3200
3203
3211
3228
3229
3221
3231
3236
3237
3238
3239
3233
3240
3208
51440
3242
3248
27306
3249
3250
60495
3263
57110
54979
117245
3270
646962
3273
3274
11255
59340
388697
9957
9956
9955
9953
9951
222537
64711
90161
266722
3290
374875
345275
3294
3293
8630
3283
3284
11077
124535
100130086
100506164
159119
86614
116835
3305
3306
3310
3316
8988
126393
27129
26353
94086
3339
3346
3347
3350
3351
3352
3354
3355
3356
3357
3358
3359
9177
170572
200909
285242
3360
3361
3362
3363
5654
94031
203100
30811
135458
84329
3373
23553
54768
3375
3381
130026
3386
7087
22858
29851
3398
3400
3620
169355
3425
25900
10561
10964
64135
3434
439996
3433
3437
402778
387733
3439
3447
3446
3448
3449
3451
3440
3452
3441
3442
3443
3444
3445
3456
338376
3458
56832
3467
28981
9543
57722
3479
3481
10642
3483
3484
3486
3487
3488
3490
347252
374918
147920
388555
444882
91156
492311
3543
100423062
402665
3547
285313
152404
84966
283284
147710
150084
10261
57549
22997
3549
10320
22807
22806
3586
3587
3590
3592
3593
3594
3595
3596
3600
3603
3605
27190
27189
112744
54756
132014
400935
3606
8809
8807
29949
3552
3553
84639
3554
7850
3556
11141
26280
9173
8808
3557
3558
50604
53832
53833
59067
50615
50616
58985
116379
51561
149233
11009
64806
55801
246778
3559
3560
3561
3562
386653
133396
90865
146433
27179
27177
56300
26525
27178
3563
3565
259307
3567
3568
3569
3574
3575
3576
3578
3581
286676
387597
3617
50939
9118
388324
3623
3624
3625
3626
83729
11185
54891
8821
3635
27124
3630
723961
387755
3640
3641
10022
11172
3642
84684
3645
57508
27152
117283
26034
253430
3652
79781
115811
132141
389123
401067
389124
440956
64799
654502
124152
10788
440073
154865
11213
3662
3664
3394
56269
345611
3667
8471
79192
79191
50805
10265
79190
3670
64843
3671
57611
140862
145501
729920
91464
51477
3672
8515
22801
3673
3674
3676
3655
8516
3680
3681
3683
3684
3685
26548
3689
3690
3691
3694
3695
3696
9358
3697
3698
3699
3700
80760
3702
55600
142683
9452
3708
3709
150771
3713
389434
284359
126123
113177
182
3717
3718
152789
9832
282973
58494
83700
79831
133746
56704
57158
57338
84502
8690
3728
353219
8997
163782
8850
23522
84056
83473
166348
390594
143879
89890
84078
84541
3736
3744
3737
3738
3739
3741
3742
3743
7881
9196
3745
9312
3746
3747
3748
3750
3751
3752
3753
9992
10008
23704
3754
3755
26251
170850
93107
3756
23416
23415
27133
81033
90134
131096
30820
30819
30818
80333
3758
3766
3768
3769
3770
3772
3773
3759
3760
3761
3762
3763
3764
3765
54207
56660
56659
60598
83795
89822
338567
3776
3777
50801
10089
51305
3778
3779
10242
27094
27345
3780
3781
3782
3785
3786
56479
283518
3787
3788
3790
57582
343450
157855
27012
169522
375616
115207
65987
57528
146212
386618
386617
221656
55693
8284
3791
3792
11081
80759
100129128
202559
10656
9674
9856
9729
9786
643314
285600
23366
84162
57481
56243
57501
57535
222223
57536
57710
80726
85449
84542
84960
158358
113220
63971
9928
57576
81930
124602
547
55605
23046
3834
55083
55582
84643
11127
285643
3798
3800
221458
64147
3802
3803
3804
3805
57292
3806
112268360
100132285
3809
3810
3811
3812
115653
3813
84063
84623
3814
84634
3815
4254
9365
152831
10661
11278
136259
128209
9314
688
8609
11279
687
122773
127707
113730
55220
126823
57626
317719
55175
90293
57565
80311
54813
26249
377007
401265
114792
123103
257240
340359
56062
89857
3816
5655
11012
43849
26085
43847
55554
3817
354
9622
25818
5653
5650
11202
284366
3818
100144748
3820
3821
3822
3823
8302
3824
51348
100431172
10219
346689
100528032
22914
8564
148930
85442
3827
3841
402569
448834
84626
124751
100506243
3848
3859
3860
3861
3866
3868
3872
3880
3849
54474
125113
25984
192666
147183
353288
342574
162605
3850
3881
3882
3883
3884
100653049
3885
3886
8689
8688
8687
390792
125115
3852
3853
3854
286887
3855
112802
140807
319101
121391
9119
51350
374454
196374
338785
144501
3887
3888
3889
3890
3891
3892
3857
81851
81850
83895
386677
353333
386678
386685
386679
386682
386674
386675
386681
386676
337880
353332
353323
386683
386684
140258
337959
337960
284827
254950
100505753
83902
337882
337969
337970
337971
337972
337973
337974
728299
728279
81872
730755
85294
337975
337976
337985
337977
337978
100288323
337979
100288287
337963
643803
100131902
388818
643812
83896
83897
85293
85285
653240
83755
85291
85290
84616
85289
81871
100996750
728224
100132386
387264
387273
440051
440021
387266
387267
439915
440023
440050
57830
3846
337966
337967
337878
337879
728318
83899
83901
83900
85280
100507608
100505724
81870
200634
388533
8844
283455
339855
8942
3897
54596
79944
26013
84456
91133
144811
90070
3898
3902
3903
3906
3908
3909
3910
22798
3918
10319
27074
347404
55353
7805
55323
27040
9113
54900
143903
81606
3929
10660
167691
150082
353131
353132
353133
353134
353135
353139
26239
353140
353141
353142
353143
353144
84648
353145
199834
254910
448835
3932
253558
9836
3933
414332
286256
389812
3934
158062
138307
392399
401562
84458
254251
3937
3938
197021
9079
11155
160287
92483
3948
197257
388633
401944
23641
116842
3950
10637
7044
389170
149018
93273
55891
3952
3953
342900
3955
85329
29124
56891
148003
3957
3959
3960
3963
653499
3965
284194
654346
9211
55203
203190
163175
55366
8549
59352
51557
3973
10186
340596
375612
375323
222662
3975
9355
8022
89884
64211
26468
431707
56956
3977
11024
11027
11026
23547
353514
79168
10859
102725035
107987462
107987425
11006
10990
3982
55679
100288695
96626
79727
389421
8825
286826
84894
158038
645191
339398
3990
8513
9388
200879
149998
142910
643414
340654
643418
387787
167410
79748
92255
29995
89782
4004
4005
55885
25802
442721
56203
114783
4009
4010
348801
4012
84708
222484
389602
728741
730098
164832
4014
4015
125336
4017
84695
84171
1902
23566
2846
57121
10161
4023
4025
9404
9227
57631
57622
57497
145581
116844
136332
55791
121227
26103
340745
345193
4033
53353
4036
55805
4040
376132
390205
389257
131578
10234
474354
64922
79442
441381
126364
339291
79782
2615
151827
55282
9884
474170
374819
126755
127495
116135
100505591
64101
254050
90506
54839
94030
57689
440699
219527
220416
339977
100130742
57554
100130733
149499
23507
85444
401387
84125
127255
344657
120892
57633
10446
54674
164312
221091
347730
26045
347731
80059
57408
654429
220074
4045
4046
7940
4049
4050
56413
4056
4057
26046
4060
338645
51213
8581
80740
58530
259215
4062
54742
100526664
4065
9450
4063
254773
4066
111188157
66004
116372
137797
27076
147719
284348
130574
130576
90624
116068
1130
10894
4069
84569
119180
131375
57151
11178
4081
10586
126868
346389
140733
8174
84944
4094
9935
4099
4100
4109
4110
4111
266740
4101
4102
4103
100533997
4104
4105
4107
4108
728269
4112
139422
139604
286514
4113
4114
4115
347541
158809
9947
51438
139081
728239
81557
57692
139599
28986
54551
9223
9863
260425
79917
4117
4118
114569
7851
256691
158056
84441
55534
10046
284358
4121
57134
4124
79694
100287284
4128
4129
4130
4131
84557
4133
5608
4214
389840
10746
4217
4293
11184
8491
4135
256714
79884
5602
5596
9479
23542
22924
4137
55016
162333
441061
115123
8685
4139
153562
91862
4142
116511
5648
10747
22983
4143
4145
4146
4147
4148
8785
4151
151963
85509
125997
653657
653656
284428
55777
4153
153364
10150
55796
619373
4155
51360
4158
4159
4160
4161
4162
4163
401250
4168
23101
2847
84539
254394
55784
29969
266727
161357
130752
259283
4199
2122
116931
4208
4210
84466
84465
1953
1954
1955
150365
644890
4211
4222
4223
4224
4225
56955
10461
145873
149281
196541
25840
84206
4237
9848
4239
8076
4242
83552
388931
148808
54842
162387
256471
8972
4248
11320
25834
146664
4256
8190
4253
57534
84953
4281
11043
166968
284021
55586
4284
145282
4286
83881
7681
283078
2315
23209
4291
4292
90523
10962
4300
4295
2862
79083
51085
166785
221938
4311
79258
4319
4321
4322
4325
4326
4327
4313
9313
118856
8510
64386
56547
64066
79148
4316
4317
4318
22915
79812
253714
4330
4332
55329
92597
79817
4336
4337
4340
116255
80168
346606
23041
27136
79906
283385
254956
4342
158747
54456
26002
8777
219972
10198
4352
4353
4354
58538
143098
758
744
255027
4359
10205
196264
3140
56246
4360
9902
4361
116512
116534
116535
386746
259249
117194
117195
117196
83876
10335
931
341116
54860
503497
84689
219995
2206
932
51338
64232
64231
245802
58475
9242
343930
4437
4438
10232
4477
4478
4481
253827
4485
2660
4489
4490
4496
4504
84560
4515
4520
441024
4534
9108
55613
66036
4543
4544
100462977
100462983
100463285
100463289
100288485
9788
4547
57509
23281
345778
10071
56667
143662
94025
140453
283463
200958
394263
100507679
4584
4585
4586
727897
4588
4589
118430
139221
4593
4600
25878
54587
255275
4602
4603
4604
4606
4607
4608
343263
84073
4613
10408
80177
50804
4617
4618
4619
4628
4629
8735
22989
4620
4621
4622
4624
4625
57644
4626
4632
93408
4633
4634
4635
58498
4638
85366
91807
340156
29895
55892
51168
80022
23026
84700
4640
4642
4542
64005
283446
53904
140469
4645
55930
4646
4647
4648
4649
4653
93649
4654
26509
4656
8736
9172
127294
9499
58529
51778
91977
84665
25924
114803
4661
23040
51237
55728
90634
84779
10003
10004
254827
23148
4671
259232
79923
360030
339345
4674
4675
266812
222236
9476
79664
9
10
9027
51471
339983
89796
26960
65065
100132406
148545
653149
343505
83988
4684
4685
1463
342897
57552
653361
4688
4689
3071
344148
10499
9437
9436
259197
4692
79625
4693
57447
65009
9348
64579
4703
10529
64168
54550
4739
4744
4747
4741
257194
4750
152110
79858
341676
140609
284086
4745
4753
81832
4759
129807
54492
93082
4760
4761
58158
63974
4762
63973
50674
91624
4763
150372
23114
4773
4776
4778
58160
4774
58157
4803
4804
4807
4808
378884
374354
283948
4810
57224
340527
84276
4811
22795
152519
79815
348938
55335
79570
154215
128414
222698
85407
4818
390010
7080
4821
159296
644524
137814
26257
579
4825
84504
157848
22871
54413
57502
22829
197358
58484
22861
338322
204801
91662
126204
338323
55655
114548
147945
126206
171389
199713
126205
338321
4829
8382
347736
23057
129521
10316
56923
4826
4837
23530
135935
64127
4838
9241
8715
4842
9722
4843
115677
4854
4855
344022
147111
4857
4858
27035
50508
50507
79400
10811
124056
122945
4861
64067
266743
4863
2831
2832
29881
64106
10886
4867
27031
4868
7827
255743
4878
4879
4880
4881
4883
594857
387129
4884
4885
23467
64111
283869
4852
4886
4887
4889
190
8431
9975
9971
8856
9970
7101
10002
2908
4306
4929
8013
2516
2494
4892
4897
3084
9542
10718
145957
8204
83714
56675
203447
4901
123904
8828
140767
80023
9378
9379
9369
25936
79730
84618
100526794
93034
56953
4908
4909
50863
4917
59277
126147
22854
84628
4914
4915
4916
4922
23620
9891
81788
80224
170685
55190
83594
25961
91181
54830
284434
56001
728343
56000
55998
115861
158046
30010
11249
11248
55916
57523
60506
4938
4939
8638
29991
29989
84033
729330
4948
10896
100506658
654231
4951
54959
4956
113746
161753
284451
146852
10178
55753
4969
170392
55301
10439
93145
118427
10562
283298
169611
25903
56944
116448
10215
167826
4973
4958
4974
4975
3175
9480
390874
441161
93377
4983
101060233
2652
728458
611
23596
94233
221391
4985
4986
4988
26254
341276
26496
283297
144124
390093
121364
121275
282770
442194
26533
390264
390265
219869
219870
26539
26538
26532
126541
284433
26476
441911
127385
391109
391107
121130
219960
343406
219873
128360
390201
81341
128367
128368
26531
390439
81061
440153
79334
390442
122748
391189
26529
81797
79290
392376
138803
138804
138799
138802
286362
286365
138805
441933
347468
392309
284532
127066
401994
442191
8383
26189
347169
26188
4991
8386
8387
8388
4992
8390
126370
347168
26740
26219
392392
26737
26735
254973
392390
138881
125963
138883
138882
158131
219959
219958
346528
402317
346525
135941
442361
392138
79541
393046
401427
81392
144125
338755
391191
341152
127623
81697
442184
26212
4993
81472
120776
120775
26211
135948
81470
81469
391211
26716
7932
26707
442186
26248
284521
26246
391192
391190
391194
127062
26245
127059
391196
56656
26696
127069
127077
127064
401992
403239
343563
343173
391195
127068
403244
127074
401993
254879
343172
285659
26692
343171
441932
134083
284383
4994
4995
8392
81328
81327
403253
81318
119765
219429
283093
283092
81309
219428
256144
119749
219432
26689
390197
219986
124538
219875
219983
390199
26686
390649
26683
729759
81399
81099
441308
26682
79501
390648
79544
390433
122740
81127
390436
390431
79317
122742
441670
390538
390429
102723532
283694
390437
81300
441669
256148
219431
390113
119764
401667
401666
119687
79345
79339
282763
390058
390038
143503
81285
256892
119694
79324
81282
390063
390064
119682
390059
390061
119692
401665
283111
23538
390054
255725
143496
340980
390066
119678
390081
390078
390079
390067
390037
143502
119679
390036
119774
338751
119772
79473
390077
390072
390075
119695
120787
120796
390083
120793
390084
387748
196335
219982
219981
81050
390181
390195
338675
219493
219447
390445
390191
219965
390190
219968
441608
392391
390142
219436
390144
219438
338674
26341
403273
403274
79310
79295
10798
282775
26339
402135
403277
403278
219437
26338
390168
390167
219487
219482
219484
390162
120065
120066
219479
390155
219464
390154
81696
390148
8590
135946
389090
150681
390321
341416
254786
341418
283365
403282
403284
390327
254783
390323
390326
343169
81448
391114
128371
390261
128372
81442
128366
219952
341799
219874
346517
390260
391112
390892
26333
26659
26664
26658
162998
125958
26648
125962
390882
390883
390275
219858
26595
390271
283162
26493
283159
283160
338662
26494
219865
219469
390151
390152
120586
219477
81168
390157
219473
219453
341568
219417
135924
130075
390174
504191
283189
219954
441639
219956
219957
5000
5004
5005
114885
114880
127700
5008
9180
130497
344901
5009
146183
9381
340990
283310
131149
133060
92736
347741
56914
150677
23440
220213
23252
139562
161725
5013
5015
341277
5017
728361
64064
165140
27199
5020
5021
5023
22953
5024
9127
5027
5028
27334
64805
53829
9934
5029
5030
5031
286530
283208
340529
645974
140886
390748
135138
29993
29943
11240
51702
23569
353238
5047
55824
8712
203569
389860
139793
9506
90737
5053
400961
5063
5064
114299
54873
25891
53354
56666
116337
64282
89932
56903
64895
5069
60676
9060
79957
344838
117583
84612
5071
25849
57097
165631
64098
139135
160065
399967
100169851
399968
197135
5075
5076
5077
5078
5079
5080
5081
7849
64081
59351
5087
80714
54039
5097
57575
27328
83259
51294
65217
27253
54510
57526
64881
5099
5100
5101
56147
56139
56138
56137
56136
56146
56145
56144
56143
56142
56141
56140
9752
56135
56134
29930
56126
56125
56124
56121
57717
56132
56131
26167
56130
56129
56127
56114
56106
56105
26025
56113
56112
56111
56110
56109
56108
9708
56107
56104
56102
8641
56101
56100
56099
56098
56097
5105
27445
26577
126006
5121
654790
5122
27344
5126
54760
5125
9468
5132
5133
132954
10846
50940
5136
5153
5137
5138
5139
5140
5141
5142
5143
5144
8654
5145
5158
5146
5148
5149
27115
8622
5152
5155
56034
80310
5156
5159
5161
64714
149420
204474
5166
9124
27295
8572
10630
23047
3651
5173
23037
79849
57595
79955
255762
5174
10158
23024
29951
79834
375033
157310
5175
23089
5178
57161
5179
8863
92960
5193
51555
5196
5197
5207
345456
375189
643834
643847
5222
5224
80055
267004
161779
79605
5225
5232
8993
114770
114771
57115
283209
5239
145814
5241
221692
9749
116154
80012
5251
112885
51533
644844
5260
90102
162466
493911
401
8929
254295
9796
84457
51050
221476
5266
55300
55022
63895
5277
5284
80235
120379
5288
5294
113791
5295
23533
146850
29992
5304
8395
51268
8544
644139
83394
5309
9271
55124
440822
143689
168507
114780
342372
5311
9033
27039
10343
5314
93035
5569
5570
5313
5586
63876
5317
51365
8399
81579
84647
5319
5320
26279
30814
64600
50487
5321
8605
283748
123745
255189
5322
8398
7941
22925
10761
51316
153770
219348
5324
5327
151056
23236
5330
5332
84812
51196
23007
9651
5334
23228
257068
345557
89869
5337
122618
200150
5341
54477
144100
58473
400224
79666
57480
25894
153478
55200
440107
130271
389072
5340
5342
5343
5346
729359
440503
10769
126520
51090
5350
5352
5354
5357
57047
57088
389158
83483
57125
84898
5362
91584
5365
10154
148811
5367
6490
56937
83449
5375
139728
154197
5406
5407
5408
119548
10687
29944
114824
84968
5409
5368
285848
80339
150379
375775
127435
79883
79983
353497
10721
285877
94026
5443
5444
5446
64091
64208
10631
340441
100287399
100996331
388468
100288966
317754
728378
404785
23784
641455
5449
5450
5451
5452
25833
5453
5454
5455
5456
5457
5458
5459
5460
5462
134187
11281
151649
5468
10891
133522
5473
5475
5470
8499
8497
285755
5493
22843
57460
152926
151742
4660
10848
94274
81706
54866
26051
5502
84152
151242
5506
5507
90673
89801
648791
55607
5521
5522
5523
5530
5533
5535
57718
5539
11230
84106
65121
343071
440560
390999
400736
729528
653619
391004
391003
645414
65122
645425
653606
441873
645359
400735
343068
440561
441871
391002
343070
118471
5542
5544
5545
768206
639
56980
56981
59335
59336
63978
11107
93166
11105
56979
5549
57580
80243
5551
5553
10394
10216
5554
5555
144165
166336
145270
5563
5565
5567
5568
53632
5577
5578
5579
5582
5583
5587
23683
5592
5593
5617
51052
2834
5618
5619
5620
56341
23627
5624
147011
5625
58510
84432
60675
10887
128674
8842
150696
5626
5629
283571
8858
5630
5961
221823
222171
79170
51334
285800
122183
729233
729240
729246
729250
729627
389151
389152
388199
553158
79899
574414
5639
79057
80863
112476
285368
401399
5396
51450
5644
10279
10942
83886
260429
167681
146547
136242
339501
339906
100288960
377047
345062
29122
221191
203074
646960
400668
136541
5652
283659
5657
158471
57716
442862
9081
768239
8000
5662
84249
23362
5669
5680
5670
5671
5672
5673
5675
5676
440533
5678
85481
143471
122706
170679
170680
9051
9050
5724
375743
79810
8643
139411
374308
171558
256297
5729
5730
5731
5732
5733
5734
9536
5737
5739
5740
145482
5742
5743
5741
113091
5746
5744
2185
5764
11156
5783
11099
26191
5775
84867
5777
5787
5788
5790
5789
5794
5797
5798
5800
374462
5801
5802
11122
5803
10744
5806
390667
29942
150962
83448
5816
7837
137902
11264
222659
29108
260434
152138
5837
26108
149628
84795
5697
9444
25797
23475
347148
84109
140902
22841
64284
401409
51715
57111
5873
5874
27314
11031
10981
9363
83452
83871
326624
116442
115827
142684
282808
347517
115273
401258
51560
84084
51209
642636
729475
144715
55698
135250
353091
5896
5897
10742
253959
55103
138046
10266
10268
64901
202151
5911
10411
11069
9771
51735
65059
5913
5915
5918
5919
5920
5922
8437
64926
51655
23551
158158
221002
153020
255426
5923
5924
10125
10235
25780
115727
54922
10633
65997
51285
644943
9770
83593
166824
11228
9182
30062
84839
54715
146713
64080
5933
54033
282996
221662
55285
375287
375316
166863
54502
5937
27303
27288
139804
378949
5940
378948
378950
159163
378951
5947
5948
5949
5950
83758
116362
11317
348093
149041
10231
1102
57333
92241
5957
343035
145226
8608
5959
50700
201299
5962
9985
8434
65055
5967
5968
5068
130120
83998
5966
5649
28954
161253
5972
5973
9185
85004
79785
389075
5979
56729
84666
5980
317671
5988
10739
10738
342931
442247
23180
130132
5991
5992
222546
64864
731220
5994
23179
266747
56963
9104
400966
729857
653489
285190
729540
84220
727851
5995
5996
6003
26575
64407
8601
431704
26166
8490
9628
6000
401190
85397
8787
388531
353299
6005
54933
57127
6006
51458
6007
6010
9886
22836
399
57381
58480
158800
84528
727940
158787
26150
79608
253260
284485
23504
85376
440804
150221
284716
57494
22999
9699
9783
140730
54453
126432
11035
92129
134701
6014
6017
6013
6019
117579
80010
6035
338879
122651
493901
440163
6036
6037
6039
84659
122665
390443
6041
27289
8153
7732
140432
79845
54941
79589
168433
255488
378925
57484
146310
220441
114804
494470
56163
285533
285671
221687
138065
54546
285498
154214
643904
401934
643596
140545
80352
54894
55328
6091
6092
54538
54763
152015
83853
4919
4920
6095
6096
6097
6098
6101
94137
29935
6121
57096
23322
22895
140801
6123
56475
388394
6192
140032
6196
9252
27330
126638
6236
58528
10692
51018
6247
91543
54665
89765
222967
728194
345895
81492
221421
284654
340419
84870
343637
83546
219790
388015
6252
146760
132112
344892
83597
64108
25914
55680
285180
10900
154661
862
864
59350
122042
51289
339403
6258
6261
6262
6263
6271
6283
57402
6275
6276
6278
338324
6279
6280
6285
795
6286
170591
1901
1903
8698
53637
6288
6289
100528017
6291
26278
6295
55511
6299
6297
27164
57167
148398
401474
148418
201191
161394
154075
389432
344658
54809
219285
64092
100316904
1757
23328
54440
163786
340562
646643
374897
6309
286205
49855
286133
91179
8796
7857
29106
7356
147199
653486
10648
10647
404552
4246
4250
92304
117156
10590
85477
10389
256380
6336
11280
6323
6326
6327
6328
55800
6329
6330
6331
6332
6334
6335
6337
6338
6339
6340
60592
11341
9805
79634
83482
85508
6343
6344
80274
57758
222663
57147
6383
27111
10806
221935
54549
195814
93517
121214
10993
645832
266629
9717
730005
89866
25956
11231
9728
80343
6401
8991
6402
6403
6404
7869
10512
9723
56920
64218
9037
54437
57556
10500
80031
6406
6407
57337
123228
51091
1731
124404
346288
5414
253190
619189
256987
387923
5265
51156
256394
145264
390502
12
5267
5104
866
6906
327657
5273
89778
89777
5275
5055
6317
6318
5268
8710
5272
462
3053
5270
647174
5176
5345
710
5274
5276
56256
400120
143686
91404
26040
83852
124925
23544
57713
6422
6423
6424
6425
389376
253970
653509
729238
6439
6440
6441
6442
6444
8910
6445
137868
10110
100533105
23678
259230
166929
130367
129049
4068
117157
10045
10044
387694
400745
284948
646892
6450
83699
6456
6457
153769
344558
79628
22941
6462
53358
399694
81626
56961
126669
6469
387914
152573
388336
729956
440829
729993
6473
6474
257218
357
57619
57477
6476
283514
54847
6614
89790
114132
89858
100049587
284266
8778
946
27036
27181
27180
6492
57568
284759
128646
55423
27240
6495
10736
6496
4990
8631
6498
390598
652991
6503
84174
122060
6504
114836
57823
56833
89886
6554
6555
201780
347051
345274
84068
6556
6557
6558
6559
57468
9990
6561
9058
64849
26266
284111
6563
8170
6564
6565
729025
117247
162515
387700
9122
9120
9194
23539
220963
6568
10246
10786
10050
57084
57030
246213
6570
6571
6572
80704
6505
6506
6507
6511
6512
6580
387775
55867
116085
9390
9389
55356
85413
51310
5003
6582
283238
387601
6581
146429
6583
9356
10864
9376
114571
9963
9962
151295
9187
25769
57419
123041
283652
83733
83884
115286
9481
253512
83447
284723
55972
284427
283130
283600
153328
10861
65012
1811
5172
375611
115111
116369
115019
28965
9154
9153
64078
154091
114134
144195
6514
6517
6518
155184
56606
55532
7780
7781
7782
148867
169026
140679
6569
10568
142680
23443
340146
222553
148641
341880
146861
646000
83650
643664
153201
285641
219855
151258
10991
55089
146167
57181
221074
29986
283375
6519
30061
84102
29015
126969
80736
204962
50651
51151
57864
283537
55244
146802
6521
57282
8671
9497
83697
6523
115584
159963
6524
6527
6528
60482
160728
200010
6529
6538
6539
6540
11254
55117
28968
388662
348932
340024
6530
54716
6531
6532
9152
6534
56301
23657
157724
57709
84889
6545
9056
23428
11136
6546
6543
6547
6549
6550
389015
285195
150159
6579
10599
28234
338821
53919
6578
11309
353189
133482
91607
55106
100506736
146857
342618
200172
6585
9353
6586
114798
84631
22865
139065
26050
84189
6588
6590
57152
4088
4091
4092
4093
6594
56916
27127
4184
6608
64093
64094
55512
10924
27293
23676
26952
10879
219537
342527
150572
6591
333929
6616
9892
6622
9627
6620
6623
25992
54861
6638
8926
6641
54212
54221
132203
23161
112574
124460
79856
92017
169166
254122
8435
55084
9655
9306
6649
402381
100526761
54937
10580
8470
114815
57537
22986
6653
50964
25928
6656
6663
6664
8403
6665
64321
54345
6657
11166
6658
11063
6660
55553
83595
6662
6671
389058
121340
221833
100131390
81833
124912
171169
389852
729201
122258
10407
653423
200162
6676
9576
26206
6677
30014
728712
728695
64663
64648
494118
494119
139067
441525
494197
6678
8404
6683
100505741
353324
83893
128153
132671
219938
374955
84690
130560
132851
166378
54558
145946
83890
375686
221409
25803
245711
387778
285955
441273
441272
388333
442590
729597
25876
79925
10290
100996693
374768
220082
246777
23111
10638
80309
6688
6689
121599
152185
139886
153218
408187
6691
27290
11005
404203
84651
646424
643394
10816
391253
6693
124976
201305
23626
6695
9806
50859
10418
10417
339745
6696
6694
6698
6699
6700
6701
6703
6704
6705
6706
6707
163778
10252
10251
92369
6708
6710
57731
51332
55304
165679
84654
55133
80725
6716
79644
57522
9901
5552
6345
6725
26576
27286
84530
100170229
135295
6736
284297
8082
23145
6750
6751
6752
6753
6754
6755
6756
6757
727837
10214
548313
6759
6758
280658
6768
9705
100528021
8869
10402
84620
55808
10610
256435
81849
6489
8128
51046
7903
29906
338596
23166
55576
6769
342667
246329
10734
10254
26228
6770
80765
147323
9754
57519
6775
6779
8614
256227
79689
246744
56164
202374
55351
65975
11075
81551
2040
161003
11037
286749
85439
56977
64220
346673
161497
6801
412
8676
415117
112755
252983
134957
9515
29091
55359
56670
23213
55959
6799
27284
6819
442038
27233
6783
6822
6820
25830
391365
387082
140732
56241
203328
55061
26032
9900
9899
22987
79987
6840
55530
136306
54823
93426
100130958
256126
342898
6847
10388
221711
50511
85360
84144
6853
6854
8224
79953
646658
23345
9145
23546
8867
23336
11346
171024
79933
132204
6855
284612
6857
341359
23208
91683
57586
255928
102724488
83849
83851
51760
127833
84258
6860
6861
148281
9066
90019
143425
84958
54843
94120
94121
94122
134864
9287
9038
319100
83551
134860
257397
6863
6866
255061
6869
6865
6870
4070
138474
54457
117289
29114
6886
6887
85461
26115
202018
441864
445347
80835
80834
83756
50834
50839
50838
50840
50833
259294
259295
50831
259293
259290
5726
259285
50832
259286
259287
353164
259289
259291
259292
54429
259296
338398
50837
50836
50835
6898
374403
23232
55296
161514
353149
254272
26083
414060
729873
23329
414059
101060321
84218
729877
54885
23158
93627
90665
387332
10716
6899
347853
6913
9096
9095
6909
57057
30009
50945
9496
6910
6911
6916
123036
8557
6919
6920
140597
340543
158931
56849
170082
127428
256536
6939
6943
150921
100129654
6925
83439
7062
126637
8115
9623
6947
6948
6953
140290
401285
6954
255394
202500
6991
200132
343521
6997
6999
56165
126668
91646
163589
221400
122402
7006
253017
7007
6975
127670
7010
83659
27285
64518
150483
146279
7011
374739
7015
80312
54790
200424
83639
56159
56158
56157
56156
56155
56154
400629
647310
1527
374618
7018
7021
7022
83741
29842
51270
22797
7031
7032
7033
7980
7038
7039
7042
7043
7045
7049
90316
90655
7051
7053
7047
9333
343641
116179
7054
56906
83591
152815
79725
7056
7057
7058
7059
7060
51298
100507527
284486
387357
7066
7068
7069
55901
79875
221981
80731
7070
7074
26230
100302736
353376
7075
497189
201798
91151
201633
91937
7077
7078
7079
27283
64129
9414
27134
8277
84076
727910
7091
79816
7092
7093
83660
7096
81793
7097
7098
7099
7100
10333
51284
51311
54106
3195
3196
30012
116441
79853
7104
9032
53346
53345
117531
117532
342125
147798
79905
147138
57458
127391
145942
146456
100526694
8577
23671
55273
284186
113277
54664
66000
283953
89894
338773
80757
128218
222865
114795
92293
121256
124842
65084
135932
55314
284417
441027
256472
441151
201799
132332
153396
81615
92691
200728
100113407
134285
340061
134288
55365
28959
388021
130827
202915
147744
645426
256130
23670
114801
399474
645369
338949
79652
131920
100505993
255349
389177
155006
401498
221468
388335
100130519
338661
730130
642987
387890
283999
653567
100288797
84866
219623
57393
161291
203562
140738
55287
120224
83604
148534
100527978
25789
199964
57156
157378
91147
137835
643236
157753
388595
144110
255043
92162
643965
440955
162461
339168
259236
388364
126259
29767
29765
643853
339967
132724
9407
28983
389208
283471
84000
5651
7113
64699
56649
80975
164656
344805
360200
11013
286527
9087
83857
160335
160418
7128
7130
25816
79626
388121
8794
8792
4982
23495
115650
608
8784
55504
7133
7293
943
3604
8743
8600
407977
10673
8740
9966
8995
7292
79931
64102
63923
7134
7125
7135
7136
51086
7139
7140
7141
7142
7143
57690
7145
64759
84951
7148
387990
9760
27324
63970
94241
102723655
102723713
102724101
102724127
24150
653550
729264
729355
27296
8626
89882
7166
121278
27010
7173
11076
122664
51673
285386
284355
7177
64499
23430
25823
7179
93492
7185
80342
133022
9881
50852
1787
10345
11181
54210
54209
340205
79865
285852
11219
7200
29953
7201
28951
9865
10107
89870
51127
23321
10346
373
23650
11074
53840
55521
135644
287015
129868
653192
80263
80128
79097
57093
135892
57159
84675
25893
286827
117854
445372
166655
391712
84676
120146
642446
646754
9866
440730
140691
131405
493829
375593
378108
114088
339976
9321
7216
8989
7220
7222
7223
7224
7225
57113
4308
7226
80036
29850
140803
79054
7227
7442
162514
59341
56302
55503
80705
254187
114960
7252
7253
128553
57616
60385
85480
55815
10103
83882
441631
23554
27075
26526
90139
144448
10100
10077
10098
7102
7103
54084
222642
100289087
7258
728137
64591
728395
728403
85453
388951
83942
23617
81629
283629
83983
84630
146057
79573
158248
199223
79809
55001
153657
164118
83538
23331
83894
92104
150737
23548
100287898
143941
22996
158219
145567
23508
148014
150465
254173
83887
284076
79739
164395
7273
7274
7276
57348
7275
113457
7278
112714
81027
51174
7287
7288
7991
7291
117581
7294
167838
57544
84203
255220
645840
7299
7305
7306
129450
55075
7318
390595
53347
10537
7325
389898
134111
148581
164153
254048
50613
143630
130507
642623
127733
7345
90226
114131
7350
7352
55293
54658
54575
54659
54578
54657
54579
54577
54576
54600
10941
574537
79799
7365
10720
7366
7367
54490
7363
7364
133688
167127
23074
80329
54986
7369
89766
23025
440279
201294
146862
90249
8633
222643
137970
57578
285175
54346
340260
51733
11045
7348
7379
7380
105375355
151531
131669
10083
124590
7399
83878
377630
728386
9099
83844
389856
57663
57695
124739
84101
85015
64854
25862
373509
158880
54532
9098
8287
8433
9724
7402
2837
7404
10791
57216
79805
57687
7409
10451
11023
25806
7412
1462
26609
51480
51481
425054
353513
9084
27287
51442
245806
389136
391104
7429
50853
7432
7433
7434
5212
7436
400673
284013
57191
317701
317703
317705
8876
8875
55350
7441
29802
23230
157680
54832
55187
55237
340547
147645
23584
11326
391123
7447
284415
222008
342865
128434
196740
387804
30813
338917
79679
7448
340706
146177
200403
4013
127731
90113
375567
402117
220001
221806
7450
7454
10810
164684
23001
57705
51057
116966
114987
401551
54521
54554
126820
128025
144406
164781
23335
256764
79819
349136
83889
126248
56964
494551
58189
140832
280664
259239
128488
164237
10406
140686
149708
140870
90199
259240
117166
124857
11197
7456
644150
8840
8839
8838
65267
65266
7471
80326
7480
51384
7472
7482
7473
89780
54361
7474
81029
7475
7476
7477
7478
7479
7483
7484
23302
9671
7490
126374
80014
55841
54739
653067
653220
9502
170626
170627
6375
6846
2829
7498
7499
165904
129446
7504
150165
114786
389610
286046
343702
389668
402415
9082
353515
7512
9213
54464
64131
51087
285525
55432
29799
388403
219539
404281
353174
7455
7535
326340
646799
79740
79413
100381270
81030
65986
27107
7704
26137
57684
27033
84614
253461
360023
10773
201501
653121
728116
340554
85463
340152
376940
170261
389874
644353
219654
55063
152098
57683
158866
23390
131540
253832
340481
283576
254887
9839
85446
463
79776
162239
7771
57677
80108
140612
124961
22835
7539
132625
346171
284406
139735
23414
23217
7543
7544
9765
653808
124220
7545
7547
84107
85416
284307
23619
114026
342357
80317
84460
79698
79830
7750
51364
84217
163227
51427
109504726
51351
7678
7691
7693
7694
7695
7561
7700
7707
7710
7712
7718
55888
169841
7565
7733
339318
7569
7739
7567
7745
7757
7761
7764
7638
7768
7772
7773
353355
9310
7776
57209
219749
56242
10172
113835
9422
10795
10793
10782
7576
129025
140883
55609
284349
26974
57336
23036
90075
57343
282890
100529240
64288
55422
55713
7581
7582
25850
84671
30832
22891
167465
84911
151126
201181
79750
346157
252884
342908
55628
7592
55786
147687
147686
147923
23090
155054
79088
353088
7594
80264
170959
163059
90594
126068
79973
10224
203523
285676
10794
92283
168544
84627
388566
57573
90827
158399
90649
118738
57474
126069
57615
284443
162968
115560
440515
22847
57473
9849
85460
162655
25925
84503
84436
57711
348327
55205
147658
9745
163255
84215
125919
339327
284306
6399
147694
256051
162972
90233
79818
115196
148254
84527
7730
147741
147837
163050
147929
84924
374900
148266
148268
51276
137209
126231
284346
84765
147660
147948
92285
54807
84622
152687
169270
148103
100289635
80095
84775
57507
162963
81856
79898
80110
284370
285267
253639
57547
90589
199777
57232
127665
65251
22834
26149
285349
389114
79788
63934
93474
79891
641339
163223
342926
168417
340252
148213
91120
257101
127396
374879
55762
619279
440077
728957
100131539
100131980
7562
163051
7552
349075
148206
441234
100131827
255403
730087
442319
388523
100287226
100129543
654254
730291
728927
100129842
79755
7627
284390
91661
400720
374928
342132
284309
197320
163131
163115
158431
388536
390927
7634
91752
219578
390980
646915
388558
347344
126017
730051
55552
152485
374899
128611
90485
116412
7637
283933
284391
91664
162993
7639
342892
54753
344787
643641
729747
345462
400713
388559
101060200
7643
7644
168374
81931
148198
7652
223082
148066
22917
7783
57829
11055
124626
131368
84083
284312
84891
65982
7579
222696
201516
79149
342933
151112
57643
7789
440590
79699
