1
7157
144568
344752
126767
343066
154664
5244
340273
94160
28
176
390110
125981
130013
641372
49
116285
123876
348158
341392
54988
84532
79611
51412
88
139741
140625
132612
161931
8749
2515
11086
11085
80332
8756
27299
81792
170691
170692
171019
9509
80070
56999
9719
57188
108
196883
114
116
117
119
79747
124
125
126
131
149685
9370
140
148
155
2334
3899
173
84871
392636
155465
189
64902
197
51327
57379
199
23746
55966
158798
8227
8852
441282
1109
6718
216
10840
229
200810
644974
55821
246
247
258
265
266
120425
154796
270
273
276
277
278
279
51378
255239
84210
441430
441425
118932
91074
374860
341405
340120
390616
148741
441869
56311
257629
389161
203859
23519
195977
312
653145
728113
8120
320
321
54518
325
187
335
336
116519
338
339
60489
344
345
346
350
89872
375318
653437
361
343
503582
158763
23779
64333
398
22899
445328
7984
9459
100506084
100996709
51326
390790
51309
100526693
407
416
347527
340075
136371
140456
142689
127247
51676
51666
429
430
121549
433
438
8623
443
80816
474
57194
23120
479
477
480
23439
245972
127124
51761
551
552
553
158835
563
10317
135152
124872
574
85318
85317
85316
140836
343472
8538
10538
8537
586
53335
64919
10017
139105
79656
222389
55859
84707
56271
340542
8419
632
727857
27319
128408
51411
112401
29760
27302
9210
651
655
660
646
552900
654483
671
51297
140683
128861
92747
80341
359710
149954
128859
254240
442867
442868
9083
676
680
7809
100131137
683
390259
121551
388419
54766
56244
10917
79908
153579
414152
399814
219793
282966
143379
29125
143501
91894
399947
399949
143678
374470
160419
283598
145407
145858
84419
400359
283897
123970
162083
146378
400591
146853
124773
146723
388381
100141515
374864
644041
147685
342918
712
713
714
165257
114900
114902
338872
387911
200159
92346
400757
93190
284546
388701
149466
10485
127795
84970
284805
128602
150297
388125
408029
84417
130813
79919
389073
57415
152065
285382
152118
720
721
100293534
84103
152940
646603
153571
134121
100190949
133874
285668
729
10665
29113
389384
347744
730
202865
154907
80099
731
732
116328
157773
441376
389649
389676
138255
389766
138240
157983
56934
762
763
765
767
51475
56344
775
777
779
10369
10368
27091
59284
57863
8618
794
796
797
810
51806
50632
820
11131
92291
440854
827
388743
10753
133690
93661
440068
59082
9607
100506742
23581
838
845
846
378807
23624
869
147381
140689
220869
445571
126402
151278
91050
147872
347475
100130274
148870
146849
160777
160762
83446
885
886
887
6346
6356
6357
6358
6359
6360
6361
6362
6363
6347
6367
6368
6369
6370
10850
6348
414062
6349
388372
6351
9560
6354
6355
729230
1234
150160
9332
4064
909
910
911
912
913
914
4345
344807
50489
30835
51744
940
11314
10871
342510
124599
100131439
146722
146894
945
947
952
915
916
917
959
962
1043
922
923
924
8832
942
926
22918
4267
166979
148170
999
1008
1009
1014
28316
64405
1003
1006
1007
92211
389118
1018
8941
1036
256223
1044
1045
1046
253175
9085
203611
9426
90273
1084
1089
1048
4680
1087
1990
63036
51032
10136
23436
10659
9350
221223
1068
55997
653275
3080
10878
10877
81494
114335
114336
9023
1103
1114
1116
1117
27159
1118
63928
91851
1134
1137
8973
1142
8534
166012
10164
64377
83539
117286
130106
1149
63924
1178
1179
22802
1180
26285
53842
644672
9074
9073
9080
10462
6320
160364
387837
388512
728276
51267
51266
387836
154790
10143
170482
338339
26253
165530
339390
10332
23601
93978
64581
283420
160365
54102
574016
116449
1208
340204
645104
119467
64084
134829
1215
129607
116173
84735
1260
1261
22866
285888
1268
1269
1271
1272
5067
53942
27255
129684
1310
169044
340267
256076
81035
100532731
51226
10391
100529144
84701
1339
170712
341947
1357
57094
1360
339302
1369
131034
9362
642843
53336
56265
119587
1378
1379
1381
54544
1392
1393
104909134
1394
401262
167
7180
64109
49860
1401
55118
56253
102724652
1409
1410
1412
1413
1414
1418
1419
1420
1421
155051
1428
389903
102723547
1438
1439
1442
1443
1444
114784
1446
1447
1448
122011
1469
140880
1470
1472
1473
1474
10047
128822
128821
1475
128817
541466
102723680
102723737
728911
441519
101060211
441521
541465
100507170
255313
653282
728036
728042
728049
728062
728072
728075
728082
728090
728096
643311
1485
246100
30848
64693
100128553
100142659
643854
1493
1496
1501
440387
1510
1511
399697
613212
50624
80157
6376
1524
6387
10563
9547
6372
4283
3577
3579
80231
100130361
100132994
100129239
100133053
158830
347487
51700
1538
1584
1585
1586
1544
340665
1553
1555
1558
1573
1580
57834
66002
8529
126410
4051
11283
9420
1582
9595
54360
116159
23500
1602
117154
168002
1610
267012
92196
1617
57055
57054
57135
1618
120237
440097
139170
138009
139425
1630
117159
51473
54798
85443
1638
1641
1644
29118
8653
54514
50514
1667
728358
1668
1669
1670
1671
1672
414325
55894
140596
503618
245908
504180
245909
503841
245910
503614
245911
245913
245915
245927
245928
245929
245930
117285
245932
245934
245936
245937
245938
81623
140850
245939
140881
400830
403339
613211
613209
613210
100289462
1673
27147
347516
1608
139189
201140
207063
54769
116093
27121
10395
9228
58512
8788
28514
1749
1758
1761
10655
58524
63948
63947
728656
63946
1770
64446
414061
552891
85479
1776
58511
29947
1791
8447
81704
9046
55816
1800
64174
64180
57628
1803
1804
359787
55211
340168
503834
1805
1807
56896
1812
1813
1814
1816
644168
1823
1826
57453
1828
147409
1834
401124
1840
405753
338599
51207
128853
63904
78986
92235
100288687
107987484
107987485
107987486
107987487
143241
84332
83657
391475
64641
253738
641700
128178
10876
64184
1908
1910
79645
80258
10278
25975
80864
30845
9086
8663
728689
1973
253314
8637
1991
1993
1996
2001
64100
84658
2018
2020
10117
375704
2028
5168
22875
59084
150350
23136
2038
2047
2056
94240
1833
3266
26059
57471
100271846
11082
54845
80712
440695
132884
2128
344191
2160
2162
474383
474384
8263
2158
2168
646486
2167
2173
646480
283985
51059
338094
285596
202134
27112
29057
727866
221303
642968
283777
340069
170370
221061
51252
90050
220382
148109
23359
9413
729085
407738
284467
151647
25817
118670
100133093
643161
644054
131177
404636
170062
442444
81553
125704
153745
151354
55138
339145
171482
171484
356
120114
89885
2203
23194
201456
162517
83953
2204
2205
2207
2208
2210
2213
9103
2214
2215
2219
2220
8547
115350
79368
115352
83417
83416
343413
260436
222894
26998
54738
9638
389549
55079
2864
2867
2865
2243
2244
221472
2255
8823
26281
26291
27006
8074
2248
2249
2251
2254
83888
2267
2268
9457
344018
401720
2312
388698
2313
2322
2326
2327
158521
84624
64838
2346
219595
2350
2352
3170
442425
349334
653427
2290
2299
399823
344167
2302
8456
283150
139628
100526835
2357
2358
2359
158326
166752
448831
441581
100288801
79981
22844
100861412
25788
84075
2488
2492
56884
53940
94033
10690
5348
486
53828
53826
100533181
53822
50486
2538
57818
128954
9568
2554
2555
2558
2559
2561
2562
2566
2567
2568
2569
200959
2572
10912
339896
2543
100132399
729422
729428
729431
100008586
2579
26748
645073
729442
645051
729447
2574
645037
100101629
26749
729408
2576
2577
2578
79623
168391
85569
2587
202309
246176
2520
2625
2626
57733
26301
163351
388646
2638
2641
2645
2646
145781
2657
2662
2658
9573
392255
151449
2668
220032
8328
2674
2675
64096
389400
2687
92086
91227
2688
2689
2690
2691
2692
2694
170575
100527949
26157
55303
55340
474344
168537
155038
2695
84694
2702
2703
81025
2705
127534
10804
57369
219770
2712
56287
200504
112937
392465
2740
441509
144423
360203
92292
219970
389396
9535
2765
647309
51764
94235
2793
10578
2797
342096
283767
727832
127845
137362
2812
2813
2815
10223
2719
2239
10082
122876
2823
83550
139760
2835
7107
124274
350383
344561
344758
2838
285601
29909
84636
2848
2849
2850
2853
2854
2856
9248
9290
2830
100302652
27201
54112
222545
9721
2880
257202
2882
9402
79977
2890
2894
2895
392862
2899
2900
2903
2904
2914
2915
2916
2922
221044
2925
389207
643226
145258
2928
284110
23708
2938
2939
2940
221357
2944
2949
653689
219409
170825
11036
8225
121355
2978
9626
2980
2981
2984
3000
2993
2994
2995
3001
3002
2999
3003
341567
132243
474382
474381
83740
286436
158983
3020
3021
3026
57817
9421
54363
404037
3036
26762
3039
3040
3043
3045
3047
3048
3042
3050
27198
3055
10021
3060
3062
10870
154150
133558
391723
55363
220296
9843
641654
390992
388585
164045
100128124
57467
10086
613227
3007
221613
8350
8351
8352
8353
8354
8355
8356
8357
8358
8968
121504
554313
8294
8359
8360
8361
8362
8363
8364
8365
8366
8367
8368
8370
8369
723790
8337
126961
333932
653604
3111
3113
3115
3117
3118
3119
3120
3122
3123
3125
3126
3127
3134
3135
127540
57824
284293
3166
3167
6928
343069
84525
3211
3212
3228
3231
3236
3237
3238
3239
3232
3233
60495
54979
117245
3270
3273
11255
8739
388697
9956
9953
9951
64711
3290
3294
3283
3284
124535
100130086
100506164
159119
86614
3316
100529241
3346
3347
3350
3351
3354
3355
3358
9177
170572
200909
3360
3361
30811
54768
81888
3375
3381
29851
3400
3446
3439
3447
3448
3449
3451
3441
3442
3443
3444
3458
3481
3484
347252
374918
3543
100423062
152404
84966
283284
150084
22997
10320
3586
3587
3594
3598
3605
27190
112744
8807
29949
84639
11141
9173
3558
50604
59067
50616
116379
149233
64806
55801
246778
3559
3561
3562
27179
27177
26525
3563
3567
3568
3578
3581
3625
3630
723961
387755
10022
11172
3642
132141
389123
401067
389124
440956
654502
100505385
3664
3394
56269
79192
153572
79190
91464
8516
3697
3699
80760
347365
55600
142683
9452
3713
126123
152789
58494
353219
3736
3744
3737
3738
3739
3741
3742
3745
9312
3747
3748
3751
3752
3754
93107
81033
90134
131096
30820
100134444
3761
3763
3764
54207
56659
83795
89822
338567
51305
3779
3786
3790
27012
375616
65987
8284
3791
3792
11081
202559
9729
57481
57501
124602
547
3834
84643
221458
3802
3803
3804
3805
57292
3813
3806
112268360
100132285
3808
3809
3810
3811
3812
115653
84063
3814
84634
3815
9365
136259
11279
127707
57565
257240
340359
89857
3816
5655
11012
43849
26085
55554
3817
354
9622
25818
5653
5650
11202
284366
3820
100431172
346689
148930
3827
448834
100506243
3848
3860
3861
3849
192666
147183
353288
342574
162605
3850
3881
3882
3883
3884
100653049
3885
3886
8689
8688
8687
3852
3853
3854
286887
112802
140807
319101
121391
51350
374454
338785
3888
3890
3891
3857
81851
81850
386677
353333
386678
386685
386679
386682
386674
386675
386681
386676
337880
353332
353323
386683
386684
140258
337959
337960
284827
254950
100505753
83902
337882
337969
337970
337971
337972
337973
337974
728299
728279
81872
730755
85294
337975
337976
337985
337977
337978
100288323
337979
100288287
337963
643803
100131902
388818
643812
85285
653240
83755
85291
85290
84616
85289
81871
100996750
728224
100132386
387273
440051
440021
387266
387267
439915
440023
440050
57830
3846
337966
337967
337878
337879
728318
83899
83901
83900
85280
81870
388533
283455
91133
90070
3898
3904
3906
24141
9215
54900
143903
3929
10660
353131
353132
353133
353134
353135
353137
353139
26239
353140
353141
353142
353143
353144
84648
353145
199834
254910
448835
3932
3933
3934
158062
138307
392399
3936
3937
9079
388633
3950
7044
149018
93273
342900
85329
29124
56891
148003
3963
653499
9211
55203
10186
340596
64211
11024
11027
11026
23547
353514
10859
11006
10990
3982
100288695
96626
84894
339398
3990
340654
643418
79748
4009
4010
149373
4014
125336
2846
4025
9227
57631
57497
145581
26103
340745
4033
4036
474354
79442
441381
339291
79782
55282
126755
116135
100505591
57689
440699
219527
23639
149499
100506049
344657
347730
7940
4057
51213
767558
8581
80740
58530
259215
4062
9450
4063
23643
111188157
66004
137797
147719
84569
119180
131375
57151
11178
84944
4094
4099
266740
4101
4103
100533997
4104
4107
4108
728269
4112
139422
139604
286514
4114
4115
158809
9947
9500
728239
81557
57692
139599
28986
54551
4118
79884
441061
57574
8685
4142
116511
4143
85509
125997
653657
653656
284428
4153
4158
4159
4160
4161
2847
84539
4188
161357
259283
100271849
4207
84466
644890
4223
4224
56955
149281
728464
83552
162387
8972
25834
4255
8190
4282
55586
90523
4295
221938
79258
4319
4321
4325
9313
8510
56547
64066
79148
4314
4317
4332
4337
4340
80168
346606
4342
4353
758
56246
4360
116534
386746
259249
117194
117196
931
341116
54860
503497
84689
219995
2206
932
51338
64232
64231
245802
58475
343930
4440
4477
4481
4489
4490
4495
4496
4499
4504
84560
55613
4543
136319
100462977
100463488
100463285
100463482
100288485
394263
100507679
118430
139221
25878
4604
4608
343263
4613
10408
50804
4617
4618
4619
8735
79784
4620
4622
4624
4625
4626
93408
4633
4634
4635
58498
29895
4642
53904
140469
4653
4654
4656
58529
4661
342538
360030
339345
4674
4675
9476
10
200030
4684
653361
4689
9437
9436
259197
4692
4693
4747
4741
4745
81832
4759
93082
4760
58158
63974
4762
50674
150372
58157
4803
4808
222698
390010
4821
159296
644524
137814
4825
84504
157848
57502
22829
91662
126204
338323
55655
114548
147945
126206
199713
126205
4829
8382
349565
129521
10316
56923
135935
8715
4842
4843
344022
4857
4858
50508
50507
266743
256933
2832
64106
10886
4868
7827
4879
4880
594857
387129
4885
64111
4852
4887
9971
7101
4892
10718
203447
51299
140767
4908
50863
4916
23620
170685
55190
56001
728343
56000
55998
115861
30010
11249
60506
29991
29989
729330
654231
4951
4956
284451
146852
118427
10562
283298
116448
10215
167826
3175
441161
93377
4978
101060233
2652
728458
94233
221391
4985
4986
4988
26254
341276
26496
283297
144124
390093
121364
121275
282770
442194
26533
390264
390265
219869
219870
26539
26538
26532
126541
284433
26476
441911
127385
391109
391107
121130
219960
343406
219873
128360
390201
81341
128367
128368
26531
390439
81061
440153
79334
390442
122748
391189
26529
81797
79290
392376
138803
138804
138799
138802
286362
138805
441933
392309
284532
127066
401994
442191
8383
26189
26188
4991
8386
8387
8388
8390
126370
347168
26740
26219
26737
26735
254973
392390
138881
125963
138883
138882
158131
219959
219958
346528
402317
346525
135941
442361
392138
79541
393046
401427
144125
338755
391191
127623
442184
4993
81472
120776
120775
26211
135948
81470
81469
391211
26716
7932
26707
442186
26248
284521
26246
391192
391190
391194
127062
26245
127059
391196
56656
26696
127069
127077
127064
401992
403239
343563
343173
391195
127068
403244
127074
401993
254879
343172
285659
26692
343171
441932
134083
284383
4994
4995
8392
81328
81327
403253
81318
119765
219429
283093
283092
81309
219428
256144
119749
219432
26689
390197
219986
124538
219875
219983
390199
26686
390649
26683
729759
81399
81099
26682
79501
390648
79544
390433
122740
81127
390436
390431
79317
122742
441670
390538
390429
102723532
283694
390437
81300
441669
256148
219431
390113
119764
401667
401666
119687
79339
390038
143503
81285
256892
119694
79324
81282
119682
119692
401665
283111
23538
390054
255725
143496
340980
119678
390081
390078
390079
390067
390037
143502
119679
390036
119774
338751
119772
79473
390077
390075
119695
120796
390083
120793
390084
387748
196335
219982
219981
81050
390181
390195
338675
219493
219447
390445
390191
219965
390190
219968
441608
390142
219436
390144
219438
338674
26341
403273
403274
79310
79295
10798
282775
26339
402135
403277
403278
219437
26338
390168
390167
219487
219482
219484
390162
120065
120066
219479
390155
219464
390154
81696
390148
8590
135946
389090
150681
390321
341416
254786
341418
283365
403282
403284
390327
254783
390323
390326
343169
81448
391114
128371
390261
128372
81442
128366
219952
341799
219874
346517
390260
391112
390892
26333
26659
26664
26658
162998
125958
26648
125962
390882
390883
390275
219858
338662
219469
390151
390152
120586
219477
81168
390157
219473
219453
219417
135924
130075
390174
504191
283189
219954
441639
219956
219957
5004
5005
130497
344901
5009
146183
131149
133060
92736
347741
56914
150677
23440
139562
5015
341277
58495
27199
5020
5024
5028
27334
64805
9934
286530
340529
645974
5042
135138
353238
8712
203569
389860
139793
9506
90737
5053
5063
116337
5071
57097
165631
139135
160065
399967
100169851
399968
5075
5076
5077
5078
5079
5081
54039
57575
54510
64881
5100
56139
56138
56137
56136
56146
56145
56144
56143
56142
56141
56140
9752
56135
29930
56130
5121
654790
27344
5126
132954
5153
5137
5149
5161
64714
204474
10630
3651
5173
79849
10158
23024
29951
5178
5179
5196
5197
345456
643834
643847
79605
5225
5232
114771
57115
5239
116154
112885
644844
8929
5294
23533
146850
5304
8395
644139
9033
5314
93035
63876
51365
5319
5320
26279
30814
64600
100137049
8681
255189
5322
7941
219348
55344
89869
122618
200150
400224
5340
5342
5343
126520
5354
389158
83483
5375
5406
5407
5408
119548
29944
114824
84968
5368
150379
127435
79983
285877
94026
5443
10631
340441
100287399
100996331
388468
100288966
317754
404785
23784
5449
5450
5455
5456
5457
5458
11281
5473
5470
8499
653505
653598
645142
728945
730262
644591
94274
81706
26051
10842
5502
5506
286187
5522
28227
5535
57718
5539
65121
343071
440560
390999
400736
729528
653619
391004
391003
645414
65122
645425
653606
400735
343068
440561
441871
391002
343070
5544
63978
11105
80243
5553
10394
145270
5568
5579
5587
5617
51052
2834
5618
5619
5620
56341
23627
58510
84432
60675
10887
128674
5626
5629
221823
285800
122183
729233
729240
729246
729250
11272
574414
79057
401399
5644
5645
260429
167681
136242
339906
377047
29122
221191
203074
136541
442862
9081
768239
5680
5670
5671
5673
5675
85481
143471
122706
5623
374308
171558
256297
5739
5740
5741
113091
5746
84867
5799
374462
11122
5803
5816
260434
152138
149628
5697
25797
84109
140902
401409
54734
115827
53916
84084
51209
642636
729475
10742
138046
10267
10266
10268
9771
153020
51285
30062
54033
166863
27288
139804
378949
5940
378948
378950
159163
378951
5948
5949
116362
10231
343035
50700
5967
5968
5068
130120
83998
5649
28954
5972
389075
56729
84666
10739
10738
342931
222546
731220
729857
729540
84220
727851
5995
5996
6003
26166
9628
6000
401190
85397
353299
57127
57381
84528
727940
284485
23504
440804
150221
9699
11035
92129
134701
6014
6013
6019
117579
6035
338879
122651
493901
440163
6036
6037
6039
122665
390443
79589
9781
146310
220441
56163
285533
285671
54546
6048
54538
54763
152015
6121
22895
140801
388394
6218
6192
140032
27330
126638
222967
728194
284654
343637
388015
6252
349667
132112
344892
83597
64108
285180
862
122042
51289
6258
6283
6278
338324
6279
6280
6285
795
170591
6288
6289
100528017
6291
6295
6299
27164
344658
64092
401251
340562
646643
8796
7356
147199
653486
10648
10647
404552
4246
4250
284402
92304
117156
10590
29970
256380
6336
6327
6330
6332
6334
6338
6340
85508
93517
121214
266629
730005
80343
6403
6406
6407
124404
5413
728492
8293
387923
5265
51156
256394
145264
12
5267
5104
866
6906
327657
5273
89778
89777
5275
5055
8710
710
400120
23544
6422
6423
6424
389376
253970
729238
6441
6442
6444
137868
10044
646892
6457
50944
25759
81626
126669
6469
152573
388336
440829
6473
57477
6476
283514
114132
89858
100049587
8778
946
27036
27181
27180
6492
10326
284759
128646
55423
27240
6496
4990
8631
122060
6504
114836
57823
89886
6555
6557
9058
64849
6564
729025
6568
10246
10786
10050
57084
246213
6570
6572
6511
387775
55867
116085
85413
51310
6582
283238
387601
9356
10864
9376
114571
57419
123041
283652
83447
153328
293
1811
64078
81031
144195
155184
56606
55532
140679
10568
341880
153201
285641
151258
146167
6521
57282
6523
60482
160728
6529
6538
348932
6530
9152
56301
157724
84889
11309
353189
133482
342618
114798
22865
6588
548593
79008
4184
6606
6607
6608
64094
219537
342527
150572
9892
6620
6638
8926
54212
54221
132203
29907
124460
8435
6649
402381
100526761
54937
22986
50964
25928
6656
6664
8403
6657
11166
6658
6660
30812
389058
221833
100131390
81833
124912
389852
729201
122258
10407
653423
9576
6677
30014
728712
728695
64663
64648
494118
494119
139067
441525
494197
6678
83893
132671
219938
84690
130560
145946
221409
441273
388333
374768
220082
246777
80309
6688
121599
6690
408187
6691
646424
643394
10816
391253
201305
23626
6694
162540
6698
6699
6700
6701
6703
6704
6705
6706
6707
163778
10251
92369
6708
84654
6716
6736
6750
6753
6754
6756
6757
727837
10214
548313
6759
6758
280658
100528021
84620
6489
8128
51046
338596
147323
6779
11075
81551
161003
286749
346673
29091
445329
6818
27284
442038
6822
391365
256979
140732
55061
22987
55530
644186
342898
6847
6850
6854
8224
79953
646658
23546
100529257
79933
132204
341359
84258
6860
6861
148281
90019
143425
134864
9287
9038
319100
83551
134860
6863
6866
6870
29114
6886
441864
445347
80834
50834
50833
5726
259287
259289
259291
338398
6898
161514
254272
26083
414060
729873
414059
101060321
84218
729877
90665
387332
9096
30009
9496
6910
140597
340543
158931
56849
256536
6939
150921
6925
7062
8115
9623
6953
401285
200132
6997
6999
56165
163589
253017
6975
83659
27285
150483
100134934
83639
56159
56157
56156
56154
122046
1527
339669
7021
83741
51270
7033
90316
90655
7053
9333
343641
116179
100507527
387357
55258
7074
7075
497189
91937
27283
84076
7097
3195
3196
116441
7104
9032
53345
117531
342125
145942
100526694
8577
55273
66000
100526772
283953
128218
222865
92293
121256
124842
284339
284417
132332
134288
55365
28959
388021
653659
728229
645426
256130
114801
338949
131920
255349
338661
730130
387890
283999
253582
219623
161291
203562
55287
199964
643236
388595
643965
339168
26022
388364
126259
132724
28983
389208
283471
84000
5651
7113
56649
344805
11013
286527
9087
23495
608
7293
407977
8742
79931
64102
7136
51086
7139
7140
7141
7142
27324
102723655
102723713
102724101
102724127
24150
653550
729264
729355
27296
122664
284355
7177
64499
23430
7179
93492
133022
50852
10345
54209
340205
79865
285852
7200
28951
9865
135644
287015
129868
653192
79097
57093
135892
84675
25893
445372
166655
84676
120146
642446
646754
131405
375593
378108
7216
7225
4308
79054
59341
56302
55503
254187
114960
7252
57616
10077
7102
100289087
7258
728137
64591
728395
728403
85453
23617
84630
55001
164118
23508
148014
254173
83887
164395
7274
7276
113457
7278
7288
255220
645840
7299
7305
10537
389898
134111
148581
50613
143630
642623
127733
114131
7350
54658
54575
54659
54578
54657
54579
54577
54576
54600
10941
574537
79799
7365
10720
7366
7367
54490
7363
7364
133688
167127
7369
89766
440279
146862
54346
340260
11045
7379
7380
151531
100534592
131669
377630
728386
83844
57663
8287
8433
10911
7404
6845
57216
57687
11023
51480
353513
9084
27287
51442
245806
7432
317701
317703
8876
8875
55350
7441
55237
23584
11326
284415
222008
342865
387804
30813
338917
340706
200403
127731
375567
402117
10810
57705
164781
83889
140832
259239
10406
140870
90199
259240
11197
7471
81029
7476
7478
7484
9671
7490
54739
653067
653220
9502
170626
170627
6375
6846
2829
7498
7499
114786
389610
286046
343702
9082
353515
7512
64131
285525
7455
646799
79740
9189
79413
81030
7704
728116
153918
55906
389874
644353
131540
140612
124961
346171
284406
139735
23217
7544
653808
7547
84107
23619
114026
79698
84225
163227
7694
7700
7712
100529215
7730
7568
7757
7761
7762
10172
113835
129025
140883
57336
55713
25850
30832
167465
79750
55786
147686
23090
353088
7594
163059
51710
79973
10224
285676
388566
90827
90649
126069
57615
115560
91392
9658
84436
147658
9745
84215
148156
147741
147837
374900
148266
148268
147948
152687
80095
162963
90589
199777
127665
79788
63934
163223
342926
168417
91120
257101
7620
100131980
7552
441234
255403
442319
100287226
654254
730291
100129842
163115
388536
90576
219578
126017
100529240
374899
128611
90485
283933
284391
7639
54753
729747
345462
400713
7643
148198
7652
148066
7783
57829
11055
124626
131368
284312
84891
65982
222696
201516
151112